6.625
6.5938
6.7188
6.5313
6.875
6.9688
7.1563
6.9063
6.75
6.7813
6.7188
6.6563
6.5313
6.4375
6.4375
6.2813
6.125
6.1875
6.2813
6.3438
6.2188
6.2188
6.1563
5.9688
5.9375
5.6875
6
5.9688
6.2188
6.4063
6.4063
6.3438
6.5
6.5625
6.3125
6.1563
6.1875
6.25
6.2188
6.25
6.2188
6.1875
6.5625
6.4375
6.1875
5.8125
6.0313
5.875
5.9375
5.9375
5.8125
5.4688
5.6563
5.7813
5.9375
6
6.1563
6.4688
6.3438
6.1875
6.0938
6.2188
6.5313
6.8438
6.8125
6.6875
6.5938
6.375
6.4375
6.5938
6.75
7.1563
6.875
6.8438
6.75
6.875
6.9063
6.9375
7.1875
7.2813
6.9688
7.0938
7.0938
7.0625
7
7.1875
7.5
7.4375
7.6563
7.5
7.5625
7.0313
7.1563
7.3125
7.5313
7.4063
7.25
7.4063
7.5625
7.4688
7.4688
7.25
7.1563
7.3125
7.375
7.5
7.4688
7.4688
7.625
7.4375
7.0938
6.9063
7
6.9063
6.5938
6.7188
6.9063
6.8125
6.6875
6.2813
6.1875
6.2188
6.3125
6.4688
6.1563
5.5313
5.375
5.5625
5.75
5.4375
5.4375
5.6563
5.7188
5.5
5.5625
5.6563
5.5625
5.4063
5.625
5.4688
5.4688
5.5313
5.4063
5.25
5.25
5.2188
4.9063
4.9063
5.25
5.3438
5.2188
5.3438
5.4063
5.6563
5.7188
5.625
5.4063
5.5313
5.5
5.5
5.4688
5.2813
5.3125
5.2188
4.8125
5
4.9375
5
4.9688
5
5.0625
5
4.9375
5
5.3438
5.4375
5.3438
5.1875
5.1563
4.9375
4.5313
4.2188
4.2813
4.4063
4.3438
4
4.3125
4.2188
4.25
4.0938
4.0313
4.0313
3.9375
3.7188
3.6875
3.7188
3.8125
3.9063
3.9375
4.0313
4.3125
4.375
4.5313
4.5938
4.5
4.5313
4.3125
4.375
4.4063
4.4063
4.4063
4.5
4.5
4.4688
4.4375
4.375
4.4063
4.3125
4.3438
4.2188
4.125
4.0625
4.1563
4.1563
4
4.0625
3.9688
3.9688
3.9375
3.8438
3.8125
3.7188
3.7813
3.8125
3.75
3.8125
3.6563
3.625
3.6563
3.75
3.8125
3.8125
3.7188
3.6875
3.7813
3.8125
3.8125
3.7188
3.75
3.6875
3.7188
3.7188
3.75
3.8125
3.8438
3.875
4.0313
3.9375
3.8125
3.8125
4.0625
4.25
4.1875
4.2188
4.125
3.9688
3.9688
3.9688
3.9375
3.9375
3.9063
3.875
3.75
3.75
3.7813
3.75
3.9688
4
4.1563
4.25
4.5
4.5625
4.4375
4.3125
4.5
4.5
4.5938
4.5
4.5
4.4688
4.75
4.6563
4.6563
4.6875
4.6563
4.8125
4.9063
5.125
5
4.9688
4.8438
5
4.9688
4.9688
4.8125
4.75
4.75
4.75
4.7813
4.8438
5
5.0313
5.0625
5.0313
5.125
5.0313
4.9375
4.8438
4.875
4.9375
5
5
5.2188
5.1563
5.5625
5.625
5.5938
5.4688
5.4375
5.4375
5.5938
5.5625
5.5
5.5625
5.5938
5.5625
5.75
5.7188
5.6563
5.6875
5.75
5.8125
5.9688
6.125
6
5.9688
6
5.8438
5.75
5.6563
5.5313
5.5625
5.9063
5.75
5.7813
5.9688
5.9375
5.9375
6.0313
6
5.9688
5.9688
6
5.9688
5.9375
5.9688
6.25
6.2813
6.3125
6.4375
6.5938
6.5
6.4063
6.25
6.1563
6.1563
6.3125
6.3438
6.1875
6.1563
6.2188
6.1875
6.1875
6.5313
6.5
6.7188
6.625
7.0625
6.9063
6.6875
6.9688
7.0625
7.0625
7.0625
6.8125
6.8125
6.75
6.6875
6.8125
6.9063
6.7813
6.8125
6.75
6.7188
6.8438
7.0625
7.25
7.4375
7.5938
7.4688
7.4063
7.8438
8.0625
8
7.8125
7.5625
7.5625
7.625
8.0313
8.1563
7.875
8.25
8.3438
9.0938
9
9.2188
9
9
8.9063
8.8438
9.25
9.1875
9.25
9.2188
9.3125
9.25
9.25
9.2813
9.4688
9.6875
9.7188
9.4375
9
9
9.0313
9
9.0938
8.9688
8.5625
8.5625
8.75
9
8.6875
8.7188
8.9688
9.0625
8.9688
8.9688
8.8438
9.0313
9.4063
8.9063
8.5625
8.6563
8.8438
9.2813
9.0625
8.7188
8.375
8.0625
7.9375
8.375
8.6563
8.5313
8.2813
8.5
8.0938
7.8125
7.625
7.8125
7.8438
7.875
8.0313
7.7813
7.9375
7.9063
8.375
8.5625
9
9
8.9375
8.8438
8.8438
9.0625
8.9375
9.0625
9.0938
9.1563
9.25
9.4375
9.25
8.6875
8.6875
8.875
8.7813
8.6875
8.9375
8.75
8.1563
7.9375
8.2813
8.7188
8.5625
8.5
8.4063
8.8125
9.0313
8.7813
8.625
8.5625
8.125
8.375
8.5313
8.5313
8.4375
8.5313
8.25
8.1875
8.25
8.3125
8.6563
8.5
8.3438
8.4063
8.4063
8.2188
8.1875
8.125
8.2813
8.25
8.5
8.3438
8.3438
8.5625
8.6563
8.75
8.9375
9.25
9.0313
8.9375
8.8438
8.875
9.1563
8.875
8.8125
9.0938
8.8438
8.75
8.8125
9
9.5
10.0625
10.125
10
10.0313
10.375
10.6875
10.625
10.9375
10.625
10.5938
10.875
10.7188
10.3125
10.4375
10.625
10.3125
10.3438
10.5313
10.5313
10.5313
10.4688
10.25
10.125
10.25
10.125
10.2188
10.75
10.9375
11.1875
11.1875
11.3438
11.375
11.1563
12.0313
12.4688
12.1875
13.2813
12.9063
12.25
13.125
12.5625
12.4375
13.1875
13.8438
13.5313
13.875
13.9688
13.875
13.75
13.4688
13.5
13.1563
13.1875
14.125
14.6563
15.5313
16.5938
15.875
15.5938
15.3125
15.7813
16.375
17.2813
17.2813
17.5
16.875
16.25
16.9063
17.125
16.8125
16.1563
16.6875
16.5625
16.3125
15.875
16.3125
16.75
16.5
17.0938
17.0625
16.875
16.5625
16.6875
16.8125
16.25
15.625
16.125
16.6875
17.9375
17.9375
17.5
16.9375
17.25
17.75
17.5625
16.875
17
17.75
17.875
17.7813
18.6875
18.5625
19
18.6875
18.75
19.25
19.4375
19.8125
20
19.9375
20.0625
20
20.0625
19.75
19.25
18.875
19.625
19.8125
19.5625
18.9375
18.3125
18.625
18.625
18.5313
19.5
19.875
20
19.75
19.4375
19.3125
19.4375
19.625
19.4375
19.4375
19.625
19.625
19.75
19.75
19.625
20.75
20.25
20.75
20.5
21
20.625
21
20.25
20.25
20.375
20.25
20
20.3125
20.375
19.625
18.625
18.875
19
20.25
21.5
22
22
21.625
20.875
20.6875
21.25
20.875
21.25
21.125
20.9375
20.5
20.75
20.625
20.125
21.125
21.625
23.125
23.25
24.125
24.75
24.375
24.5
24.5
24.75
24.375
25
25.875
26.5
26.125
26
26
26
26
27
26.25
26
25.625
25.25
24.9375
26.375
26.875
27.25
26.5
25.875
25.875
26
25.875
25.125
27.0625
27.625
28.25
28.75
27.875
27.25
28.25
29.125
29.25
29.625
27.875
27.75
27.125
27.0625
26.625
27.25
26.625
26
24.125
18.25
17.25
20.25
18.375
17.75
14
15.125
16.75
19.75
19.3125
19.375
18.125
18
19
18.875
18.625
18.125
18.625
19.375
18.625
18.375
17.5
18.125
17.25
17.75
18.125
18.5
18.25
17.5
16.5
16.625
16.25
15.25
15.375
16.5
17.25
17.5
17.375
17
18.625
18.75
19.625
19.625
20.25
20.875
20.75
21.125
21.3125
20.125
21.0625
21.6875
21
22.375
22.3125
21.875
22.25
20
21.25
21
21.125
21.125
21.4375
21.375
21.375
19.875
20.0625
19.625
20.4375
19.875
19.875
20.625
20.75
20.875
20.625
19.75
19.875
19.3125
19.375
19.875
20.5
20.3125
20.5
20.625
20.9375
20.875
20.875
21.625
21.375
21.125
20.875
20.875
21.5
21.625
22.375
23.25
23.4375
23.4375
23.125
23.375
22.625
22.875
23.125
22.5
23.0625
22.5
22.375
21.9375
22
21.25
20.4375
20.0625
20.75
20.5
19.75
20
19.375
19.625
20.875
20.375
20.5
20.75
20.875
20.625
19.75
19.75
20
20.125
19.875
19.75
20.0625
20.4375
20.75
20.875
20.6875
20.5
20.5
20.875
21
20.875
20.625
20.375
20.4375
19.75
19.875
20.25
20.625
20.25
19.875
19.5
19.375
19
19.4375
19.25
19.6875
19.875
20.75
21.25
20.875
21.5
22
22
22.5
21.75
22.25
22.5
22.625
22.875
22.25
22.375
22.0625
22.4375
22.8125
22.5
22.5
22.25
23.125
23.1875
23.125
23.25
23.625
23.25
22.9375
22.625
22.5625
22.375
22.375
22.5
22.5
22.75
22.375
22.125
21.5
21.25
21.375
21.375
21.375
21.3125
22.1875
22.5
22.3125
22.375
22.3125
22.125
22
21.75
20.9375
21.625
21.25
20.625
21.25
21
21.25
20.375
19.875
19.75
20.375
20.0625
20.125
20.4375
20.4375
19.9375
19.4375
19.875
19.4375
19.125
19.375
20.25
20.5
20.5
21
20.8125
21.125
20.875
20.75
21.375
22
21.875
21.375
21.6875
21.75
22
21.625
21.25
20.75
20.4375
19.875
19.875
19.25
19.5
19.375
19.5
19.375
19.25
19.6875
20
20.75
20.5
20
19.9375
19.625
19.5
19.25
19.3125
19
18.625
18.5625
18.875
18.75
19.25
19.625
19.75
19.25
19.4375
19.5
19
19.125
19
18.3125
18.0625
18.4375
18.25
18.25
18.375
18.8125
19.375
19.625
19.75
19.75
19.6875
19.5625
19.5625
19.25
19.375
19.875
19.75
20.0625
20.375
20.5
20.875
20.5
20.5625
20.25
20.125
20.25
20.125
20.1875
21
21.125
21.3125
21.5
21.3125
21.0625
21.375
21.625
21.875
20.1875
19.875
20.25
20.5
20.5
20.8125
20.75
20.875
18.8125
18.6875
18.875
19.625
19.875
19.625
19.25
19.5
19.125
19.125
18.625
18.5
17.875
18.125
18.1875
18.375
18.75
18.375
18.375
18
18.25
18.125
18
17.5
17.375
17.75
17.875
17.625
17.25
17.5
17.5
17.625
17.5
17.625
17.4375
17.4375
17.4375
16.9375
17.1875
16.875
17
17.125
17.375
17.8125
17.5
17.25
17.5
18
18.6875
18.5
18.875
19.25
19.25
19.375
19.625
20.0625
20.4375
20.375
20.0625
20.0625
20
19.875
19.6875
19.5
19.5
19.9375
20.125
20.5
20.75
21.125
21.25
21.625
21.9375
22.5
23
22.6875
22.625
22.375
22.875
23
22.75
23.875
24.125
24.25
23.75
23.875
24.375
24.5
23.5
23.375
24.125
23.8125
23.5
23.75
24.25
24.8125
23.75
22.25
22
21.5
21.25
21.625
21.9375
21.75
21.3125
20.875
20.3125
20.625
20.375
20.25
20.625
20.625
20.25
19.875
20
20.3125
20.375
20.375
19.625
20.25
20
20
19.625
19.375
19.125
19.625
19.6875
19.875
19.9375
20.25
20.625
21.375
21.875
22.0625
22
21.625
20.9375
20.375
20.6875
20.1875
20.5
21.125
21.125
21.4375
21.875
22.0625
22.375
22.375
22.0625
22.25
22.25
22.3125
22.375
22.375
22.375
22.5
22.875
23
22.5
22.375
22.5
22
21.625
22.3125
22.375
22.4375
22.625
22.625
22.375
22.75
22.25
22.1875
21.8125
22.125
22.75
24.0625
24.75
24.75
24.4375
24.375
22.875
23.375
23.625
24.125
24.375
24
23.375
23.8125
23.25
22.625
22.625
22.875
23.25
23.0625
22
21.625
21.625
22
22.5
23
23.375
23.25
22.375
22.125
22.375
22.375
22.625
22.625
22.375
22.375
22
22.0625
22
22.125
22
22.625
22.5
21.375
21.375
20.875
19.625
18
18
17.4375
16.875
17.375
17.5
17.875
18.125
18.25
17.75
17.5625
17.3125
17.625
18.625
18.75
18.8125
18.875
19
18.8125
18
17.25
17.25
17.125
17.4375
16.625
16.1875
17.125
16.625
16.875
17
17.0625
16.375
16.625
17
17
16.8125
17.125
17.5
17.375
16.625
16.5
17.125
17
17.25
17.125
17.125
16.875
16.75
17
16.5
16.625
17
16.75
17
17.125
16.875
17.25
17.625
17.6875
18.375
18.4375
18.3125
18.4375
18.5
18.375
20.125
21.1875
20.6875
20.8125
20.375
21.125
21.125
21
20.625
20.5625
20.125
20.125
20.875
20.625
20.125
19.9375
20.5625
20.625
21.25
21.625
21.875
21.625
21.625
20.125
20.125
19.875
19.375
19.375
19.4375
19.5625
19.6875
19.8125
19.875
20
20
20.75
20.875
20.9375
20.6875
21.3125
20.875
20.875
20.8125
20.75
19.875
19.75
20.6875
21
21
20
20.5
20.6875
20.625
20.375
20.375
19.75
19.75
19.5
19.125
19.5
20.25
19.875
19.875
19.75
19.625
19.8125
20
20.9375
20.75
20.625
20.3125
20.75
21.5
22.375
22
22
21.75
22.375
23.3125
23.5
23.5
23.6875
23.375
22.8125
22.125
22.3125
20.875
20.5
20.75
21.0625
21.125
20.6875
20.6875
21.1875
21
21.1875
21.75
20.625
19.75
19.75
20.0625
19.75
19.375
19.9375
19.875
19.625
19.25
18.25
18.375
18.125
17.5625
17.25
17.75
18.875
19.0625
18.625
18.125
18.5
18.5
18
17.875
18.1875
17.875
17
17
16.875
17
16.875
16.6875
16.25
15.8125
15.75
15.125
15
14.875
14.125
14.5
15.25
14.8125
13.5
14
14
14.5625
14
13.25
13.875
14.125
13.875
12.5
13.25
14.25
15.6875
15.5625
15.5
15.25
15
15
14.9375
15.1875
15.375
15.25
15.875
16.625
16.75
16.625
17.25
17.75
18.125
18
18.5
18
17.5625
18.1875
17.75
18.0625
18.1875
18.375
18.75
18.375
18.375
18.375
19.0625
19.25
20.0625
20.625
21.25
20.875
20
19.8125
20.375
19.9375
20.0625
21.125
20.9375
22
22.5
22
21.875
21.75
21.5
21.5
21.75
21.5
21.625
21.625
21.625
22.625
23.5625
23.5
23.125
23.375
24.875
25.625
25.125
25.375
25.625
25.875
26.0625
26.75
27.25
26.875
27.75
27.75
27.875
27.625
28.875
28.4375
28.875
29.9375
30.6875
30
30
28.5625
28.8125
30
30.5
29.5
29.875
29
29.125
29.125
28.625
28.875
29.1875
31.5625
31.5
33.625
32.5
31.75
31.4375
33.125
32.625
33.125
33.875
34.75
33.875
32.375
31.625
32.25
35
34.625
34
34.25
36.375
35
35.75
34.6875
35
34.375
33.4375
35.5
35.875
31.125
32.125
31.625
30.5
29.8125
30.75
30.75
30.375
29.25
29.3125
29.125
27.5
23.625
24.5
24.5
25.125
25.3125
24.875
25.375
25.625
26.375
26.75
25.25
24.5
23.5
22.125
22.625
23.125
22.5625
22.9375
23
23.5
23.8125
23.5
24.625
24.5625
24
23.3125
23.0625
23
22.3125
21.1875
21.0625
20.5625
21
21.0625
20.875
21
21
20.875
21.1875
21.5
21.25
20.75
21.25
21.125
21.5625
22.8125
23.375
23.4375
23.625
23.375
23.375
22.75
21.875
21.25
22.4375
23
23
22.5
22.5
22.625
22.4375
22.75
23.25
23.125
24.5625
25
24.25
24.75
25.1875
25.25
25.375
25.875
26.75
27.4375
26.625
26.625
25.25
25.5
26.875
27.125
26.5
26.5
27
26.625
26.5
26.5
26.25
25.75
25.5
25.75
26.625
25.0625
25.25
25.3125
24.3125
23.625
24.5
25.0625
24.875
25.3125
24.75
25.125
25.25
25
24.5
24.75
25.375
24.875
23.875
24.125
24.0625
24.125
24
23.875
24.25
24.9375
26.25
26.75
26.1875
27.5
27.375
27.25
26.5625
26.0625
25.625
25.75
25.875
24.875
25.75
25.5
24.875
24.375
24
24.875
26.625
26.875
27.25
27.0625
27.375
25
26.0625
25.625
25.25
25.5
25.625
25.625
25.75
25.5
25.375
25.875
25.25
25.25
25
24.375
24.5625
24.5625
24.5
24.6875
25.1875
25.25
25.25
25.875
25.375
25.125
25.75
26.125
27.4375
27.5
28.375
28.1875
29.75
29.5
29
29.5625
30.25
31.125
31.125
31
32.25
31.75
31.375
32.375
32
30.5625
31.75
32.25
32.3125
32.25
32.625
31.625
31.875
32.375
32.875
32.875
33.0625
32.0625
32
31.5625
31.4375
32.625
32.125
32.0625
31.375
31
32.3125
32.5
33.0625
34.25
34.9375
34.25
33.75
33.625
33.1875
32.5
31.75
32
31.875
31.875
31.625
31.375
31.5625
31.6875
31.4375
31.875
31.5
31.625
31.5
32.5
32.25
32
30.5
29.0625
29.125
29.5
29.375
29.5
30.375
28.625
27.9375
28.625
27.75
28.25
29.375
30.25
29.5
28.375
28.125
28.8125
28.5
28.25
27.875
27.125
28.5
30.0625
29.625
30.25
30.25
30.875
30.375
31
31.125
31.125
31.375
30.6875
30.3125
30.1875
29.6875
30
29.5625
29.75
29.625
30.125
29.75
29.875
28.75
28.25
27.0625
27.25
27.4375
27.125
27
26.875
26.9375
27.3125
26.3125
24.625
23.75
22.625
22.375
22.125
22.625
23
22.8125
22.625
23.375
24
24.5
23.125
23.125
22.125
22.875
22.9375
22.875
23.5
23.75
24
24.375
22.5
22.375
22.875
22.125
22.375
22.9375
22.625
23.25
23.625
23.625
23.375
22.875
22.75
22.375
22
21.6875
22.0625
21.75
22.0625
22.375
22.375
22.375
22.375
22.25
22.375
22.3125
21.625
22.1875
22.125
22.25
22.5
23
23.25
24.25
23.875
23.625
23.875
24.5
24.625
23.8125
24.75
24.125
23.5
23
23.25
23.25
22.875
23.75
23.125
22.75
22.375
22.4375
22.5625
22.125
21.875
21.75
22.375
21.875
21.75
21.6875
22
22.6875
23
22.75
24.5
24.5
24.5625
24.25
24.375
24.375
25.75
25.75
26.125
26.625
26.25
26.125
26
26.25
27.5
27.875
27.625
28.125
28.375
28.4375
28.125
28.6875
27.625
28.875
29.125
28.75
28.375
28.75
28.25
28.25
28.75
29.125
28.625
28.75
28.4375
28.875
29.0625
28.8125
28.625
28.75
28.625
28.1875
27.5
28.4375
29.125
29.8125
30.3125
29.875
29.5
29.75
29.8125
29.375
29.875
29.125
29.625
30.875
30.5
31.125
32.0625
30.75
31.75
32.5
30.125
29.75
29.875
30
30
29.75
30
30.375
30.125
29.9375
29.75
30.625
30.125
30
29.75
28.625
28.25
28.4375
27.875
27.5625
26.9375
26.5
26.9375
27.5
27.5
27.5625
27.125
26.8125
27.375
26.5
26.625
27.125
27.3125
27.5
27.5
28.25
28.375
28.375
28.4375
28.125
28.5
28.25
27.5625
27.25
26.875
26.625
26.375
26.875
27.375
26.625
25.5
26.125
25.75
25.875
25.0625
25
24.375
25.25
24.875
25
24.25
24.375
23.625
24.0625
24.25
25
24.8125
25
24.625
24.5
25.125
25.6875
25.375
25.625
25.9375
26.6875
27.25
26.875
27.375
27.5
27.25
26.625
27.75
27.75
27.875
27.75
28.625
29.375
28.75
28.8125
28.1875
28.875
28.75
28.3125
28.5
28.5
28.1875
27.4375
25.375
24.75
22.125
22.25
21.875
22.3125
21
21.125
20.625
20.5
19.8125
20.6875
20.25
20.875
20
20.0625
19.5
19.75
19
19.25
18.875
18.25
18.25
18.375
19
18.625
18.625
17.875
13.75
12.8125
13.4375
13.125
13.25
13.125
13.4375
13.25
13.4375
13.625
13.875
14.25
14.5
15.125
14.75
14.625
14.875
14.25
13.75
13.25
13.6875
13.75
14.1875
14.25
13.75
14
14.1875
14
13.625
13.4375
13.25
13
13.25
13.0625
12.875
12.875
13.125
13.375
13
13.125
12.625
12.125
12.25
12.375
12.625
12.4375
12.25
12.75
12.375
12.5
12.375
12.375
11.9375
11.6875
11.375
11.375
11.75
11.8125
11.5
11.3125
11.875
12
12
11.875
14.125
14.1875
13.875
13.875
15.125
15.125
15
14.875
15.875
15.5
15.375
15.75
16.375
15.8125
16.125
15.9375
15.375
15.0625
15.375
15.6875
15.875
16
17
16.75
16.75
16.5
16.25
16.5
16.5
16.3125
15.875
15.75
15.75
15.875
15.75
16.125
16.125
15.9375
15
14.125
14.75
14.5625
14.875
14.6875
14.75
14.25
13.75
14
13.625
14.25
14.5625
14.25
14.875
14.625
14.9375
15.75
16.875
16.375
16.5625
16.8125
15.9375
15.25
15.3125
15.5
15.1875
14.6875
14.625
14.9375
16.6875
17.5
16.9375
16.75
17.0625
17
16.375
16.625
16.5
16.75
16.75
18.25
17.875
18.125
18.25
18.5
18.5
18.5625
18.375
18.5
18.125
18.625
18.625
18.3125
18
18.25
18.125
17.8125
17.875
18.375
18.9375
18.5
18.75
18.625
18.625
19.0625
18.8125
18.375
18.25
18.1875
17.75
17.5
17.5625
17.3125
16.375
16.625
16.375
16.25
16.625
16.625
16.75
16.75
16.6875
16.75
16.75
16
15.875
15.75
15.125
14.8125
14.5
14.125
14.8125
14.875
15.5
15.625
15.125
15
15.5
15.125
16.5
16.4375
16.1563
15.625
15.5
15.125
14.8438
15
14.75
14.6875
15.3125
16.0625
15.5313
15.25
15.375
15.625
15.25
14.9688
14.625
14.125
13.6875
13.8125
13.6875
13.75
13.0625
13.5
13.25
13.5
13.5313
13.9063
13.1875
13.25
13.5625
13
13.125
12.5625
12.8125
13.125
13.375
13.0625
13.25
12.875
13.25
13.0625
13.4063
13.5313
13.5
14.1875
14.8438
14.3125
14.125
14.1875
13.8438
13.3125
14
15.5
15.8438
15.6875
15.5313
15.9375
16.8438
16.6875
16.2813
16.5625
16.625
16.625
16.875
16.8125
17.3125
17.1563
17.375
17.3125
17.375
17.5
17.3125
17.4375
17.4375
17.5
17.4375
17.5313
17.875
17.6875
18.125
18.0938
17.5
17.6875
17.7813
18.0625
18.0625
17.875
17.875
17.9063
17.5625
18
18.1875
17.75
17.2813
17.0625
16.9375
16.9688
16.9688
16.9375
16.9375
17.0625
16.8438
16.5625
16.875
18.9375
18.125
18.5
19.4375
19.8125
21.0625
20.5625
20.5625
19.875
20.625
20.625
20.5
21.3125
21.125
21.3125
21.625
21.375
21.0625
21.5938
21.5625
20.6875
20.75
20.1875
20.375
21.125
20.8125
20.6563
20.5625
21.25
20.6875
20.4688
20
20
19.0625
18.6875
18.4375
18.875
18.9063
19.125
18.625
18.0938
18.2813
18.5938
18.7813
18.3125
17.9375
18.125
18.25
18.1875
18.9375
18.5625
18.625
19.5625
19.25
19.1875
19.3125
19.4375
19.5625
19.5625
19.75
19.5
19.1875
19.6875
19.4375
21
20.6094
21.8438
23.375
22.6875
22.4375
22.25
22.5
22.8125
22.9375
21.3125
21.125
20.8125
20.5
19.75
19.9375
20.0625
20.1875
20.0625
20.8125
20.25
20.25
20.4063
21.1563
21.8125
21.875
21.875
21.4688
21.2813
21.5938
21.25
20.5
20.4063
20.0938
19.5
19.125
19.75
20
20
20.125
19.875
19.1563
19.7813
19.875
19.75
19.0625
17.5
17.5
17.625
17.5625
17.625
18.125
19.0313
18.5625
18.875
18.5938
17.1875
17.1875
17.6875
17.625
17.75
16.9375
17.375
18.375
18.375
18.3125
18.875
19.5
19.125
19.1875
18.75
18.1875
18.8125
19.5625
19.5
18.875
19.125
18.9375
19.125
19.125
19.0625
19.0625
19.25
19.4375
20.25
20.625
20.7188
20.5
21.8125
21.8125
21.875
22
21.6875
21.375
22.0625
21.9375
21.75
21.6875
21.3438
21
20.7813
21.0938
21.0625
21.75
22
21.5625
21.4688
21.75
22.0938
22
21.8125
21.8125
21.9375
22.1875
23.6875
24.6875
24.5625
24.375
24.0625
23.1875
23.3125
23.625
23.2188
23.4688
23.25
23.5
24.3125
24.3125
23.5625
23.5
23.8125
24.375
24.5
24.0625
22.75
23.5313
21.875
22.6875
22.875
22.6875
23.4063
22.75
22.5
21.75
22.1875
22.5
22.125
21.6875
21.25
21.5625
21.375
21.5313
21.6875
22.0313
22.25
22.3125
22.4375
22.0625
22.375
22.75
22.875
22.375
21.5
21.5625
21.6875
21.5
21.4688
21.75
21.875
22.375
22.375
22.125
21.4688
21.1875
20
17.9375
18.3438
18.375
18.3125
18.5
18.5313
18.7656
18.6875
18.125
18.875
18.625
18.8125
18.8125
18.1875
18.25
17.8438
17.4063
17.3438
17.4375
17.6563
18
18.0625
18.3125
18.6875
17.375
17.5625
17.5625
17.5625
17.375
17.4375
17.375
17.625
18.1563
18.3125
18.3125
18.25
19.0625
19.8125
19.4375
19.6875
19.875
20.4375
20.75
20.5
19.9688
20.0625
19.3125
19.3125
19.3125
20.0938
19.6875
20
19.625
19.0625
18.8125
19.75
19.75
19.375
19.2813
19.6875
19.3125
19
19.1875
19.125
17.625
16.125
16.375
16.3125
16.25
16.125
16.0313
16.1875
16
15.9375
16.0625
16.0625
15.7813
17.125
17.3125
16.375
17.125
17.5
16.9375
17.0625
17.2813
17
15.9688
14.9375
15.25
15.8125
16.125
15.125
15.3125
14.5625
13.6563
13.8125
14.1875
14.625
14.625
14.8125
14.125
13.9375
13.875
14.1875
14.0625
13.8125
14
13.75
14.5
14.8125
14.9375
14.9375
14.75
14.3125
13.875
13.75
13.4375
13.125
13.3125
13.0938
12.9063
13
12.9375
12.9063
12.875
12.8125
12.9375
13.0625
12.875
12.625
12.5625
12.6875
12
11.9375
12.625
12.0938
12.2813
12.75
12.5
12.2813
12.0625
12.1875
13
13
12.875
12.75
12.875
12.9375
12.625
12.375
12.5313
12.5625
12.375
12.125
12.4375
12.375
12.375
12.1875
12.1875
11.875
11.9375
12.8125
13.4375
13.375
13.0625
13.625
13.5313
13.75
14.25
14.1875
13.8125
13.9688
13.5625
13.0313
13.125
13.375
13.1875
12.4375
12.75
13.0625
12.375
12.0938
12.5625
12.125
12.1875
12.0625
12
12.125
12.3125
11.9688
11.8125
11.375
11.5625
11.375
11.3125
11.125
10.3125
9.9375
10.3125
10.5
10.75
10.5
9.6875
9.75
9.5625
9.5
9.375
8.9375
9.0313
8.5938
8.4375
8.4375
10.4375
10.375
10.125
10.25
10.4063
10.5
11
11.125
10.6875
11
10.625
10.8125
10.5
10.75
11.1875
11.0625
11.5625
11.5
11.25
11.375
11.125
11.25
11.8125
11.75
11.5
11.625
11.9375
12.0625
12.4375
12.4375
12.25
12.125
12.0625
12.0625
11.4375
11.5
11
10.75
10.5625
10.1875
10.5
11.1875
11.5
11.75
11.6875
11.4375
11.1875
11.25
11.1875
11.1875
11.1563
11.0938
12.3125
11.8125
11.1875
11.4063
11.5625
11.625
11.5
12.0938
12.125
12.625
12.625
12.875
13.1875
13.2813
12.8125
12.4375
12.375
12.375
12.25
12.25
11.625
11.4375
11.5
12.125
12.1875
12.75
12.75
12.9375
13.125
13
12.625
12.7813
12.8125
12.5
12.375
12.4375
12.5
12.25
12.625
12.5
12.125
12.25
12.0625
12.5625
12.5625
12.5
12.5
12.5625
12.5
12.25
12
11.9375
11.625
11.3125
11.25
11.5625
11.125
11.75
11.625
11.5625
11.5
11.5625
10.875
10.4375
10.5
10.875
8.9375
8.75
8.8125
8.875
9.125
9.0625
8.9375
8.625
8.375
8.375
8.4688
8.625
8.5938
8.625
8.4375
8.3125
8.3125
8.3125
8.375
8.3125
8.1563
7.6875
7.625
8
7.9063
7.8125
7.8438
7.875
8.0625
8.1563
8.9375
8.8125
8.5
8.1875
8.3125
8.4375
8.5625
8.5
8.125
8.0625
8.25
8.5
8.3125
8.25
8.3125
8.1875
8.125
8.1875
8.2813
8.25
8.125
8.0625
8.625
8.3125
8.25
8.25
8.375
9.3125
9.125
8.75
9
9.4375
9.625
9.75
9.5625
9.5
9.4375
9.125
9.375
9.2188
9.2813
9.5
9.1875
9
9.25
9.0625
8.9375
8.75
8.8125
8.8438
8.5
8.5
8.5
8.5
8.4375
8.25
8.5
8.5313
8.7813
8.7813
8.8438
8.875
8.625
8.5
8.625
8.4375
8.3125
8.4375
8.625
8.5
8.3125
8.3125
8.4688
8.3438
8.3125
8.3438
8.375
8.3125
8.125
8.1563
8.0313
7.9063
7.75
8.1719
7.9688
7.875
7.7813
7.6875
7.6563
7.5625
7.3438
7.3438
7.125
6.5938
6.5313
6.8438
6.9063
6.875
6.8438
6.625
7.5938
7.8125
7.9688
8.2188
8.75
8.6719
8.0781
8.2813
8.0625
7.9063
8.125
8.2188
8.25
8.6875
8.75
9.5938
9.875
9.875
13.1563
14.5938
13.4063
12.2813
11.0313
11.8125
11.5
11.625
11.8125
12.2188
12.3125
12
11.8125
11.5313
11.125
11.3438
11
10.875
11.1875
11.25
11.25
11.0938
10.75
10.9063
11.4688
11.1875
11.0313
10.75
10.9688
10.9063
11.1563
10.9688
11.4063
10.875
10.75
10.5625
10.6563
11.0313
10.8438
10.7656
10.9688
11.0625
10.9688
10.9063
10.75
10.875
11.3438
11.3438
11.3438
11.9063
10.75
10.0625
9.3438
9.5313
9.2813
8.875
8.2813
8.375
9.0625
8.75
8.25
8.5156
8.6875
8.9688
9.1875
9.5
9.875
9.3438
9.1875
8.8125
9
9.2188
9.25
9.0313
9.125
9.25
9.0938
8.8125
8.6875
8.75
8.875
8.875
7.9375
7.875
7.8125
7.9063
7.7813
7.625
7.375
7.2813
7.0625
6.9688
7.1563
6.9688
6.9063
6.8438
6.6563
6.4688
6.5625
6.6563
6.5625
6.5938
6.5625
8.125
7.9375
9.4688
8.75
9.0938
9.0938
9.125
9.75
9.875
9.5938
9.4063
9.5313
9.4531
9.625
9.75
9.7188
9.5625
9.5938
9.25
9.1563
8.8438
9.1563
9.125
9.1563
9.25
9.5938
9.7188
9.5
9.6875
9.75
9.8125
10.2813
10.2188
10
10.625
10.6563
11.1563
11.75
11.8125
11.375
11.5625
12.2188
12.0313
12.2188
11.375
12.0313
13.0625
13.5
13.5625
13.3438
13.1719
13.4688
13.375
13.1875
13.0625
14
13.5781
13.2813
13.4688
13.7188
13.75
13.75
13.6563
13.5313
13.125
12.75
12.5
12.8125
13.2188
13.4688
13.7188
14.3125
13.9688
14.5
14.5
13.75
13.8438
13.9688
13.875
13.4688
13.5
13.6875
14
14.5313
14.8438
15.1563
15.0938
15.2188
15.4688
15.0625
15.2188
15.0313
14.7813
14.25
14.6875
14.7813
14.4375
13.9375
13.3438
13.375
13.7188
13.3125
13.125
13.4375
13.1563
13.4063
13.4375
13.625
14.125
14.0313
13.9063
14.0625
13.75
14
14.0625
13.6563
13.5313
13.6875
13.9063
14.125
14.2813
14.0938
14.3438
14.3438
14.9688
14.5
15.1875
15.25
16.2813
15.8438
16.0313
16.9688
16.7188
17.2188
18.75
18.4375
18.125
17.8125
17.5
17.4688
17.3438
17.2188
16.8125
17.5625
18.25
17.3125
17.5625
17.0938
18
18.4375
18.25
18.9688
19.5
20.0313
19.7188
20.25
20.9688
21.2813
20.5
20.3125
21.5
20.5938
20.4063
20.1875
18.75
17.0938
15.5938
17.0625
17.7813
17.3125
17.5625
19.125
18.6875
19.0625
18.8125
18.5938
19.0938
18.6563
18
18.375
18.4688
18.5
19.1563
19.25
19.375
19.5313
19.75
19.0625
17.8438
17.5313
16.0938
16.2813
15.9688
15.4063
17.5625
18.7188
19.375
18.6875
18.3125
18.3438
18.75
18.0313
18.5625
18.375
17.75
18.7188
17.625
18.4063
18.2188
18.5625
18.8125
18.9063
19.3438
19.0938
19.0313
18.3125
17.5625
16.7813
17
17.8438
18
17.4063
17.7188
17.875
17.6563
18.125
17.9688
17.5625
17.5313
15.9688
17.0625
18
16.8438
16.375
16.875
16.0313
16
16
16.875
16.25
16.7813
16.4063
16.7188
17.5938
17.5313
19
19.9063
19.625
20.4375
20.4063
20.0313
20.4688
20.625
21.6563
20.875
22.5
22.5
22.9375
23.0625
23.25
20.6875
20.6563
20.4375
20.2813
19.4063
19.375
19.6875
20.25
20.0625
20.4375
20.5938
20.4688
19.5938
20.0938
18.9375
18.1563
18.875
18.5938
19.1563
19.8125
18.8438
19.1563
18.5
18
18.5938
19.2188
19.2188
18.7188
18.4688
17.4063
16.875
17.3125
17.0938
16.7188
16.5938
17.1875
17.0625
16.2813
16.0938
16.5938
17.0313
17.75
17.0313
17.75
16.75
17.5313
16.5
16.8438
16.9063
16.625
17.6875
17.9375
17.9688
18.0313
18.5313
19
18.5625
18.4375
18.375
18.125
17.3125
17.7656
17.875
17.7188
16.9375
17.0313
17.1875
18.1875
19.5938
20.4688
22.875
22.0313
21.5
23
24.7813
23.25
23.5
22.25
22.9375
22.625
22.375
23.25
23.0938
22.1875
22.1875
22.625
22.5938
21.25
21.9688
20.9688
20.75
22.0313
21.75
22.0313
22.4063
23.2813
23.7188
24.0625
24.4688
23.8438
24.2188
24.0625
23.2188
22.7188
23.0313
23.9688
23.1875
23.5625
23.25
22.6875
21.8438
21.1563
21.0938
21.2813
22.6875
23.1563
22.6563
23.1563
23.6875
24.9375
27.25
27.8125
27.25
26.8438
27.9688
26.625
26.5313
27.2188
26.4375
27.0313
26.1875
26.6563
25.4688
26.8438
27.1875
26.9375
27.8438
27.875
27.625
26.9063
27.375
27.0625
27.2188
27.6875
29.8438
30
30.0313
30.25
30.1563
30.0625
29.375
29.5938
30.375
30.1875
30.6875
31.0625
32.375
31.0313
32.625
34.3125
35.2813
36.75
38.1875
37.25
37.7813
38.7188
37.5
38.9063
37.6875
38.4063
38.4688
39.5313
34.625
35.1563
31.6563
32.4688
30.6563
29.8125
29.5313
31.6563
30.8594
32.2813
33.9688
33.5938
33.1875
32.7813
33.3438
33.8438
32.0156
36.5938
37.2813
36.625
34.25
37.5625
38.0625
36.9688
37.25
37.5313
38.1875
38.9375
40.0625
38.8125
40.125
40.75
41.8125
44.1563
48.1875
44.8125
45.7188
46.125
45.3125
44.7188
45.5938
45.125
44.8125
46.2188
45.3125
46.4063
47.3438
47.5313
47.2813
48.9375
51.5313
55.0938
57.5
58
58.9063
55.0313
52.625
51.5
49.5
47.4375
48.5
49.1563
50
49
51.25
49.9688
51.75
49.6563
49.0938
50.3438
50.1563
51.4063
55.9688
51.25
52
47.5
49.75
48.875
46.375
43.5938
48.375
50.2188
51.9688
53.2813
56.75
55.6563
53.125
56.125
55.0938
55
50.8125
51.875
50.125
49.4063
51.6563
54
57.0313
57.4375
56.3125
56.75
54.375
57.9063
59.5
57.0625
57.4375
55.625
56.9063
58.125
57.6094
55.1875
56.625
57.3125
65.1563
61
64
62.8438
61.4375
61
61.125
62.875
60.6563
57.125
58.125
60.7813
62.5
61.5
67.4688
72.0938
70.6563
69.3438
69.7813
69.5625
67.9688
62.875
67.9063
66.6563
63.6563
65.1875
62.5938
65.875
62.5
59.7188
54.625
56.9063
55.9375
61.9375
63.4375
60.5625
59.4375
60.25
64.1563
60.6563
63.375
62.0313
62.1563
58.9375
57.5313
55.3438
56.5625
55.0625
52.7188
49.6563
51.4063
53.8125
50.5
52.8438
50.6875
50.375
47
44.9688
42.9063
43.8438
43.6406
43.1875
43.7813
42
44.5625
46.2813
45.6563
46.4375
48.2813
47.4063
47.875
45.5938
47.25
45.2188
46.1875
45.5938
48.3125
50.625
27.8125
26.875
25.8438
27.0625
25.875
27.2188
25.625
26.1875
26.6563
25.8125
25.9063
27.2188
28.5625
28.4688
29.4375
28.25
28.8438
29.1563
28.625
26.3438
27.5625
26.7813
24.3438
25.0313
25.0313
26
24.1563
25.4063
24.6563
23.625
24
23.6875
23.9688
23.375
23.75
23.7813
23.8438
23.5313
23.3438
24.25
25.7188
25
25.25
25.8438
27.1563
28.0625
28.4063
29.0313
29.5938
29.75
30.4688
31.7188
31.2188
29.2188
31
29.4375
29.2188
28.875
29
28.4375
27.625
30.3281
29.9688
30.5313
28.3438
26.0938
26.75
25.7188
24.4688
26.75
25.75
24.25
22.3125
23.625
22.0625
22.1875
21.75
20.875
19.625
20
22.0625
21.5
20.125
20.125
18.9375
19.5
20.375
18.875
18.5
18.5
18.5625
19.3125
19.5625
20.5
22.3125
22.25
21.4375
21.3125
20.0625
20.1875
19.0625
19.375
20.25
19.875
19
18.5
18.9375
18.8125
18.5
19.3125
18.6875
18.0313
17.5625
16.5
17.0625
16.6875
17
14.3125
14.3125
15.0625
15.1875
15.375
15
14.4375
14.0625
14.25
14
14.375
14.0625
15
14.6875
14.8125
14.8125
14.875
14.875
16.375
17.0625
16.375
16.5625
17.1875
16.5625
18
17.1875
17.125
16.8125
18.6875
19.5
19.25
20.5
20.5
19.9375
19.5625
21.6875
21.75
21.625
21.125
20.625
20.1875
21.125
20.75
20.75
19.125
19.6875
19.125
19.5
20.0625
19
18.3125
18.875
18.8125
18.8125
19.5
19.375
18.25
18.75
19.25
20.375
21.5
21.25
20.8125
20.25
18.625
19.5625
20.4375
19.6875
19.625
20.5625
19.6875
20.125
21.625
23
21.7813
22.875
22.1719
22.5313
22.0625
21.5938
20.2344
19.5
20.875
20.5938
20.5469
22.0469
21.7969
22.4219
21.4375
20.4063
22.7969
25.7188
25.0469
24.25
24.0313
24.7188
24.6875
26.2031
25.4844
25.9375
26.5938
24.9531
25.75
24.9531
24.5625
23.9844
23
22.8438
23.2969
23.1875
24.0938
23.5469
23.5313
23.5625
23.5
23.2344
23.2031
22.7656
21.4688
19.7813
19.9531
20.8906
20.6563
20.9375
20.7344
21.6563
21.3125
20.0469
20.3125
20.4688
19.875
20.4375
20.3281
20.1875
21.6719
22.4844
22.2656
23.9844
23.75
23.3438
23.5469
23.25
23.9063
23.8438
23.1875
22.0313
22.7031
21.1406
22.5469
24.3594
24.8438
23.9531
25.0938
20.7969
19.9531
19.9844
19.5469
19.0938
18.4688
18.5938
18.9531
18.9375
18.7969
19.0625
19.8125
19.5
19.125
19.25
18.9063
19.0469
19.0156
19.0938
18.7344
18.4375
18.6563
18.0625
18.125
17.9219
18.2031
17.8125
18.5625
18.9219
18.4063
17.8281
17.8281
18.5469
18.25
18.5469
17.7188
17.2813
17.375
16.9844
16.2813
17.0156
15.6875
15.7344
16.4531
15.5469
15.1563
15.5156
15.5156
15.5469
15.0469
14.9844
15.875
16.1406
16.2031
16
16.8125
17.7344
18.0156
17.9844
18.0156
16.9844
18
18.2969
19.0156
18.1406
18.9531
19.1875
18.6719
17.625
17.5938
17.5625
18.5938
18.5625
19.0625
19.5625
19.5938
18.7031
18.7031
18.75
19.375
19.6094
19.4531
18.9688
20
19.5313
19.6875
19.8438
21.375
21
20.5313
20.4219
21.2969
21.0469
22.4063
23.7656
22.7813
22.5469
22.5469
21.7813
21.4844
21
20.3906
20.625
21.0156
21.625
20.6719
21
21.3594
21.4844
22.0625
22.4375
21.9063
23.2969
23.5781
23.6875
22.9063
22.6094
21.6563
21.2344
21.0469
21.1563
21.7031
20.7813
22.4844
22.1719
21.8125
23.0156
23.2031
23.25
23.2656
23.0625
24.0938
24.7188
24.4063
25.3438
25.4531
24.6719
24.2969
24.0313
24.9844
24.7031
25.0156
24.5938
23.9063
22.625
23.125
21.5
22.7344
23.8125
23.6719
21.9531
21.7031
23.4531
24.2969
23.5313
24.0625
24.375
24.6563
25.0625
24.7188
24.4844
24.4375
24.9531
24.7344
24.8438
24.9219
24.2656
24.0938
23.3438
23.4531
23.4688
23.6719
24.4531
24.0625
23.75
24.9063
24.7344
24.5625
24.0938
24.6563
24.8594
25.0625
25
25.7344
26.1094
25.4063
24.9844
24.5313
24.25
23.7656
24.125
23.0156
23.9531
24.2656
23.9844
23.6875
23.5156
22.6563
22.4688
24.375
24.1875
23.3125
23.9375
25.6094
25.2813
25.2031
25.0156
24.7344
23.4531
24.3125
25.1875
24.1563
23.9844
23.9844
24.2031
23.2969
22.9063
22.7813
22.7188
22.1563
21.4063
21.4844
20.4531
20.0938
19.5469
20.0938
20.5469
20.1563
17.125
17.1094
16.8438
17.2656
17.1406
16.5469
17.0625
17.7188
17.0625
16.9375
17.5469
18.7344
18.0156
17.5313
17.3125
18.2969
17.5
18.2344
17.8594
15.625
14.9844
14.9531
14.9219
14.4688
15.2031
14.3594
14.3438
15.0156
15.4375
15.2656
14.7969
14.4531
13.9844
14.7344
15.0313
15.2969
15
14.9844
14.5938
15.1719
15.6094
15.8125
15.9844
15.9063
16.125
15.9688
15.7344
15.5313
14.8438
14.7031
14.7031
14.75
14.0469
14.4844
14.1875
14.375
14.375
14.3281
14.2969
14.1406
14.1719
14.5
14.7969
15.0156
14.5781
14.875
14.8438
14.6406
14.9375
14.7031
14.7188
14.5
14.5156
14.1719
14.2969
14.0313
13.7656
13.6875
13.5938
14.125
14.5156
14.7656
15.1563
14.5625
14.1094
14.3438
14.5625
14.7031
14.875
14.6875
15.4219
15.6094
15.4375
15.9844
16.0625
16.3594
16.8906
16.9063
17.2188
16
15.8438
15.1563
15.6406
15.5938
16.2969
15.9531
15.6563
15.2656
15.5313
16.3438
16.0156
15.9688
15.4063
15.7188
15.5
15.1875
15.1563
14.9688
14.625
14.9531
14.75
15.2813
15.4844
15.1875
14.7969
14.8438
15.0781
14.5625
14.2031
14.1406
14.4844
14.3594
14.4063
14.0625
14.0625
14.3281
14.7969
14.9063
14.9063
14.8438
14.5469
14.6875
14.7188
14.625
14.6094
14.4375
14.625
14.0938
14.0156
13.875
14.1719
13.7969
14.125
14.5781
14.9375
14.3125
14.3594
14.6563
14.5938
14.4531
14.4375
14.1563
14.3438
14.3438
14.3906
14.5469
14.6719
15.2656
14.8438
14.7656
15
14.7344
15.0156
14.5
14.8594
15.0156
14.6563
14.5625
14.625
14.5625
14.5313
14.375
14.2344
14.2188
14.7188
14.7813
15.0156
15
14.9531
14.9063
15
14.375
14.5469
14.4063
14.4844
14.5625
14.1406
14.1563
14.5938
14.4531
14.4063
14.4844
14.4531
14.1875
14.375
13.2031
13.5781
13.3906
13.2344
13.125
13.1406
13.5156
13.5781
13.4375
13.3438
13.8594
14.0625
14.2188
14.3594
14.4531
16.0938
17.5
17.6563
18
18.2969
18.5625
18.6719
18.5469
18.7344
18.7969
18.0938
17.7969
17.8438
18.2344
18.3125
18.875
18.2813
18.0938
17.9531
17.4531
17.3125
17.5938
17.6406
17.1563
16.7969
17.1875
17.4531
17.7656
17.4219
18.2656
18.1875
19.125
19.1406
19.2031
19.0625
18.7813
19.0938
19.2969
18.7344
19.0625
19.0938
19.2656
19.125
19.875
20.4063
19.8906
19.5781
19.8438
19.9063
19.6094
19.875
20.9063
20.8594
20.6094
20.7969
20.7969
20.5156
21.5469
20.9844
20.7188
20.2813
21.0781
20.7344
21.2031
20.375
19.625
19.9375
19.6406
19.6563
19.7031
20.1875
19.9688
19.7031
20.3438
20.3125
21.0156
21.6875
20.875
20.8594
21.0469
21.4844
22.1875
22.6094
22.8438
22.9531
22.8281
22.5
22.7344
22.375
22.1875
22.5625
23.0938
22.2031
22.3594
22.125
22.875
22.5781
22.0781
22.4375
21.3125
20.4375
20.6875
21.2969
20.7188
20.7969
20.5625
21.6875
22.2969
23.2188
23.0625
23.4531
23.6875
24.3438
24.5469
24.8125
23.25
22.75
23.2188
23.1875
22.7656
22.9844
22.5938
22.5938
23.7188
23.6875
23.0938
22.8906
23.1563
22.9063
23.0313
23.125
22.5
21.9063
21.5469
22.3281
22.4219
21.4531
21.125
20.4063
20.4219
20.375
20.2813
21.1563
20.6875
20.7188
20.9063
21.7031
21.5469
21.0313
21.1563
20.8438
21.0469
20.4531
20.375
21.2031
20.8906
20.1719
20.125
19.875
20.0469
19.7031
19.8438
19.8125
20.4063
20.7813
21.1563
21.2813
21.375
21.2813
22.1719
22.0938
22.5938
23.3594
23
23.7344
24.125
24.2031
22.8438
22.7188
22.7344
22.6094
22.1875
22.5625
23.0156
23.0625
22.5156
22.6875
22.5625
22.3125
22.2656
21.7969
22.4219
22.7031
22.6719
22.9844
23.7969
23.7344
23
23.1563
23.2656
22.4688
22.4063
22.1875
22.3594
22.8125
23.0469
23.9219
24.0156
23.8125
23.9219
25.1563
26.7344
26
27.0938
27.6875
27.1563
27.5625
26.4531
25.8125
26.1875
25.6719
25.8594
25.8594
25.2969
25.5
26.875
27.0469
27.9063
27.9219
27.0469
27.1094
27.5
28.3125
27.8281
27.3125
27.5313
28.0469
26.9375
26.6406
29.2969
29.1875
28.3438
27.7344
27.7344
27.7813
27.7031
27.125
26.9375
26.4531
26.7656
25.7813
26.0625
26.1406
26.6563
26.5781
26.6719
26.2813
27.1406
27.2969
27.1875
27.0625
26.6406
27.0625
26.4688
26.7031
27.1094
27.3438
28.4063
28.5156
28.1719
28.0625
28.0625
28.9219
28.4063
28.7813
29.8125
30.3438
30.2031
30.7344
30.125
30.6875
32.7344
32.8125
32.9063
32.3281
33
33.7031
33.1875
33.7031
32.4844
32.5
32.5469
32.2969
31.0781
30.9531
30.3906
30.1406
30.0313
29.1406
29.2188
29.5781
32.9375
32.2031
31.9688
32.2031
31.625
31.6875
30.7031
31.2656
32.4375
32.2656
32.6406
32.3438
31.5781
31.2969
31.7969
31.3906
29.7813
30.2969
31.5156
31.0156
30.375
30.8438
30.7813
30.875
31.7344
30.7031
30.7969
31.0781
31.9531
33.0469
34.6563
34.3438
34.125
34.4844
35.8594
35.6563
35.2344
35.7656
36.3438
35.7031
35.875
35.5938
35.4844
35.2031
36.3438
37.1406
37.7031
38.0156
36.9219
37.2656
37.2969
37.5313
38.0469
38.6875
38.75
38.6719
38.7969
39.375
40.6406
39.625
39.0625
38.5938
38.2969
39.75
44.9844
45.5
47.75
47.4219
47.4688
47.9375
47.4063
47.5469
47.9688
50.2969
52.1875
52.4063
52.4531
53.5
55.3125
54.4531
54.7188
54.375
54.0469
54.75
55.2969
55.5
55.2344
54.9375
54.9063
55.3906
55.1719
61.3438
61.2656
64.0469
64.5469
68.4375
67.0469
67.7969
65.2031
62.6875
65.7813
62.8906
63.2813
63.9844
65.1563
64.9063
65.2969
65.2656
66.5938
64.9844
62.7188
63.6875
63.75
64.0156
63.1563
64.1875
64.4375
64.7969
64.4063
63.2969
63.9375
64.5
64.5469
69.25
68.9531
64.5625
65.4531
69.7969
70.2031
70.6563
69.875
70.4531
70.4844
70.7656
72.0469
72.25
72.6406
73.9844
76.9063
77.5313
79.625
77.8125
78.8438
78.9375
80.9063
78.7344
78.3594
81.2031
84.625
88.4063
90.125
87.8125
86.8125
85.2969
88.2344
88.9375
88.9844
44.8594
44.5
44.125
41.7969
42.8125
42.75
40.5313
39.3438
39.8281
40.2656
40.3125
40.9531
41.1875
42.25
42.9531
43.7031
42.8281
42.5469
42.5
42.5313
41.75
42.7969
41.6719
40.8906
41.0938
41.8906
42.3281
43.5625
43.7344
41.9219
42.6563
41.0469
37.2656
35.3438
35.625
37.0938
35.5156
37.1875
35.5
36.9844
36.1875
35.9531
35.5469
36.0625
36.4375
36.2031
37.1563
36.6875
37.2344
36.9688
36.4219
35.6094
34.125
34.7656
35.5469
35.3594
35.8438
37.5469
37.5469
39.7656
39.7031
39.7813
40.7344
40.5625
39.7656
40.2969
40.0469
38.2344
37.9219
36.5469
36.9219
37.6563
35.8125
35.9063
36
37.125
37.9844
38.3125
37.6094
37.8594
38.5469
38.8906
37.7656
37.0938
37.3125
36.375
36.8125
36.5
37.9844
37.3906
37.625
38.25
38.0938
38.2344
38.3438
40.75
41.5469
41.4844
43.1875
43.625
43.2969
44
43.8125
43.625
43.9844
43.7969
42.6563
42.75
43.1875
43.2188
42.7031
42.9844
42.6563
43.8125
43.375
44
46.0938
47.6875
46.25
47.1563
46.2969
45.8281
45.875
45.7344
45.7656
46.0625
45.7344
45.8438
46.5625
46.8906
46.2656
46.2188
48.7969
48.6875
49.7813
51.3125
51.4063
50.8125
49.6094
49.875
51.2031
52.6406
53.1875
52.1094
51.9063
53.2031
53.8438
53.4375
51.0781
52.3438
53.6094
54.4375
53.75
52.7813
51.7031
51.2969
50.375
51.5938
49.25
53.7344
54
53.4375
52.2031
54.9375
56.1406
55.6563
56.7969
56.0938
57.0313
55.4063
54.4688
57.5938
57.5
59.9531
61.8438
61.1563
60.2344
59.9063
60.1094
61.1875
61.5469
61.4531
62.2813
64.9531
64.5156
64.5625
64.9531
66.5156
67.1094
69.3438
69.6563
68.0938
67.8125
71.5938
72.625
71.8125
74.0469
73.9531
74.0781
74.3281
74.9063
74.9844
72.0156
72.1875
71.1094
71.375
72.1094
73.5
74.0156
73.3438
74.2344
73.5625
71.4531
71.8906
74.75
74.9688
74.375
76.2969
76.0469
80.8594
83.9063
84.2969
85.5938
84.7031
82.4844
79.0469
76.0938
77.6719
76.0469
74.2031
72.3281
72.0313
75
75.5156
75.4219
72.0938
71.8438
67.2969
67.5938
68.8125
64.9531
67.3125
64.7031
67.6406
69.2188
70.5625
70.2969
69.0781
71.3125
71.75
71.4531
70.9844
68.4844
69.0938
69.6094
67.7188
65.4844
66.3125
65.6563
63.9375
63.1875
65.6875
67.3125
66.2344
64.3125
64.6563
63.9844
61.8125
61.6719
60.1563
59.9531
59.5156
58.7031
62.3281
62.75
62.7188
62.6563
61.1719
67.2031
71.2344
69.7969
68.6719
67.9844
66.7031
66.4688
64.8125
66.2188
65.6563
67.625
67.0469
65.75
66.1719
68.1563
69.3594
70.3906
69.5938
71.625
71.1406
71.125
71.8906
71.8906
71.0313
70.5938
68.1563
67.7031
67.7969
64.9844
65.2656
63.1875
64.5156
63.375
63.1563
63.3438
64.3281
63.5469
61.2188
59.7656
62.1719
61.6563
60
59.7188
58.5625
60.7656
59.2344
57
58.3281
57.6094
59.375
57.5625
57.2031
57.4688
57.8594
59.5781
58.8281
58.9844
57.4375
56.0156
58.9688
57.2656
