463381200	6.625
463640400	6.5938
463726800	6.7188
463813200	6.5313
463899600	6.875
463986000	6.9688
464245200	7.1563
464331600	6.9063
464418000	6.75
464504400	6.7813
464590800	6.7188
464850000	6.6563
464936400	6.5313
465022800	6.4375
465109200	6.4375
465195600	6.2813
465454800	6.125
465541200	6.1875
465627600	6.2813
465714000	6.3438
465800400	6.2188
466059600	6.2188
466146000	6.1563
466232400	5.9688
466318800	5.9375
466405200	5.6875
466664400	6
466750800	5.9688
466837200	6.2188
466923600	6.4063
467010000	6.4063
467269200	6.3438
467355600	6.5
467442000	6.5625
467528400	6.3125
467614800	6.1563
467877600	6.1875
467964000	6.25
468050400	6.2188
468136800	6.25
468223200	6.2188
468482400	6.1875
468568800	6.5625
468655200	6.4375
468741600	6.1875
468828000	5.8125
469087200	6.0313
469173600	5.875
469260000	5.9375
469346400	5.9375
469432800	5.8125
469692000	5.4688
469778400	5.6563
469864800	5.7813
470037600	5.9375
470296800	6
470383200	6.1563
470469600	6.4688
470556000	6.3438
470642400	6.1875
470901600	6.0938
470988000	6.2188
471074400	6.5313
471160800	6.8438
471247200	6.8125
471506400	6.6875
471592800	6.5938
471679200	6.375
471765600	6.4375
471852000	6.5938
472111200	6.75
472197600	7.1563
472284000	6.875
472370400	6.8438
472456800	6.75
472716000	6.875
472888800	6.9063
472975200	6.9375
473061600	7.1875
473320800	7.2813
473493600	6.9688
473580000	7.0938
473666400	7.0938
473925600	7.0625
474012000	7
474098400	7.1875
474184800	7.5
474271200	7.4375
474530400	7.6563
474616800	7.5
474703200	7.5625
474789600	7.0313
474876000	7.1563
475135200	7.3125
475221600	7.5313
475308000	7.4063
475394400	7.25
475480800	7.4063
475740000	7.5625
475826400	7.4688
475912800	7.4688
475999200	7.25
476085600	7.1563
476344800	7.3125
476431200	7.375
476517600	7.5
476604000	7.4688
476690400	7.4688
476949600	7.625
477036000	7.4375
477122400	7.0938
477208800	6.9063
477295200	7
477640800	6.9063
477727200	6.5938
477813600	6.7188
477900000	6.9063
478159200	6.8125
478245600	6.6875
478332000	6.2813
478418400	6.1875
478504800	6.2188
478764000	6.3125
478850400	6.4688
478936800	6.1563
479023200	5.5313
479109600	5.375
479368800	5.5625
479455200	5.75
479541600	5.4375
479628000	5.4375
479714400	5.6563
479973600	5.7188
480060000	5.5
480146400	5.5625
480232800	5.6563
480319200	5.5625
480578400	5.4063
480664800	5.625
480751200	5.4688
480837600	5.4688
480924000	5.5313
481183200	5.4063
481269600	5.25
481356000	5.25
481442400	5.2188
481788000	4.9063
481874400	4.9063
481960800	5.25
482047200	5.3438
482133600	5.2188
482392800	5.3438
482479200	5.4063
482565600	5.6563
482652000	5.7188
482738400	5.625
482997600	5.4063
483084000	5.5313
483170400	5.5
483256800	5.5
483343200	5.4688
483598800	5.2813
483685200	5.3125
483771600	5.2188
483858000	4.8125
483944400	5
484203600	4.9375
484290000	5
484376400	4.9688
484462800	5
484549200	5.0625
484808400	5
484894800	4.9375
484981200	5
485067600	5.3438
485154000	5.4375
485413200	5.3438
485499600	5.1875
485586000	5.1563
485672400	4.9375
485758800	4.5313
486104400	4.2188
486190800	4.2813
486277200	4.4063
486363600	4.3438
486622800	4
486709200	4.3125
486795600	4.2188
486882000	4.25
486968400	4.0938
487227600	4.0313
487314000	4.0313
487400400	3.9375
487486800	3.7188
487573200	3.6875
487832400	3.7188
487918800	3.8125
488005200	3.9063
488091600	3.9375
488178000	4.0313
488437200	4.3125
488523600	4.375
488610000	4.5313
488696400	4.5938
488782800	4.5
489042000	4.5313
489128400	4.3125
489214800	4.375
489387600	4.4063
489646800	4.4063
489733200	4.4063
489819600	4.5
489906000	4.5
489992400	4.4688
490251600	4.4375
490338000	4.375
490424400	4.4063
490510800	4.3125
490597200	4.3438
490856400	4.2188
490942800	4.125
491029200	4.0625
491115600	4.1563
491202000	4.1563
491461200	4
491547600	4.0625
491634000	3.9688
491720400	3.9688
491806800	3.9375
492066000	3.8438
492152400	3.8125
492238800	3.7188
492325200	3.7813
492411600	3.8125
492670800	3.75
492757200	3.8125
492843600	3.6563
492930000	3.625
493016400	3.6563
493275600	3.75
493362000	3.8125
493448400	3.8125
493534800	3.7188
493621200	3.6875
493880400	3.7813
493966800	3.8125
494053200	3.8125
494139600	3.7188
494226000	3.75
494571600	3.6875
494658000	3.7188
494744400	3.7188
494830800	3.75
495090000	3.8125
495176400	3.8438
495262800	3.875
495349200	4.0313
495435600	3.9375
495694800	3.8125
495781200	3.8125
495867600	4.0625
495954000	4.25
496040400	4.1875
496299600	4.2188
496386000	4.125
496472400	3.9688
496558800	3.9688
496645200	3.9688
496904400	3.9375
496990800	3.9375
497077200	3.9063
497163600	3.875
497250000	3.75
497509200	3.75
497595600	3.7813
497682000	3.75
497768400	3.9688
497854800	4
498114000	4.1563
498200400	4.25
498286800	4.5
498373200	4.5625
498459600	4.4375
498718800	4.3125
498805200	4.5
498891600	4.5
498978000	4.5938
499064400	4.5
499327200	4.5
499413600	4.4688
499500000	4.75
499586400	4.6563
499672800	4.6563
499932000	4.6875
500018400	4.6563
500104800	4.8125
500191200	4.9063
500277600	5.125
500536800	5
500623200	4.9688
500709600	4.8438
500796000	5
500882400	4.9688
501141600	4.9688
501228000	4.8125
501314400	4.75
501400800	4.75
501487200	4.75
501746400	4.7813
501832800	4.8438
501919200	5
502092000	5.0313
502351200	5.0625
502437600	5.0313
502524000	5.125
502610400	5.0313
502696800	4.9375
502956000	4.8438
503042400	4.875
503128800	4.9375
503215200	5
503301600	5
503560800	5.2188
503647200	5.1563
503733600	5.5625
503820000	5.625
503906400	5.5938
504165600	5.4688
504252000	5.4375
504424800	5.4375
504511200	5.5938
504770400	5.5625
504856800	5.5
505029600	5.5625
505116000	5.5938
505375200	5.5625
505461600	5.75
505548000	5.7188
505634400	5.6563
505720800	5.6875
505980000	5.75
506066400	5.8125
506152800	5.9688
506239200	6.125
506325600	6
506584800	5.9688
506671200	6
506757600	5.8438
506844000	5.75
506930400	5.6563
507189600	5.5313
507276000	5.5625
507362400	5.9063
507448800	5.75
507535200	5.7813
507794400	5.9688
507880800	5.9375
507967200	5.9375
508053600	6.0313
508140000	6
508399200	5.9688
508485600	5.9688
508572000	6
508658400	5.9688
508744800	5.9375
509090400	5.9688
509176800	6.25
509263200	6.2813
509349600	6.3125
509608800	6.4375
509695200	6.5938
509781600	6.5
509868000	6.4063
509954400	6.25
510213600	6.1563
510300000	6.1563
510386400	6.3125
510472800	6.3438
510559200	6.1875
510818400	6.1563
510904800	6.2188
510991200	6.1875
511077600	6.1875
511164000	6.5313
511423200	6.5
511509600	6.7188
511596000	6.625
511682400	7.0625
511768800	6.9063
512028000	6.6875
512114400	6.9688
512200800	7.0625
512287200	7.0625
512632800	7.0625
512719200	6.8125
512805600	6.8125
512892000	6.75
512978400	6.6875
513237600	6.8125
513324000	6.9063
513410400	6.7813
513496800	6.8125
513583200	6.75
513842400	6.7188
513928800	6.8438
514015200	7.0625
514101600	7.25
514188000	7.4375
514447200	7.5938
514533600	7.4688
514620000	7.4063
514706400	7.8438
514792800	8.0625
515048400	8
515134800	7.8125
515221200	7.5625
515307600	7.5625
515394000	7.625
515653200	8.0313
515739600	8.1563
515826000	7.875
515912400	8.25
515998800	8.3438
516258000	9.0938
516344400	9
516430800	9.2188
516517200	9
516603600	9
516862800	8.9063
516949200	8.8438
517035600	9.25
517122000	9.1875
517208400	9.25
517554000	9.2188
517640400	9.3125
517726800	9.25
517813200	9.25
518072400	9.2813
518158800	9.4688
518245200	9.6875
518331600	9.7188
518418000	9.4375
518677200	9
518763600	9
518850000	9.0313
518936400	9
519022800	9.0938
519282000	8.9688
519368400	8.5625
519454800	8.5625
519541200	8.75
519627600	9
519886800	8.6875
519973200	8.7188
520059600	8.9688
520146000	9.0625
520232400	8.9688
520491600	8.9688
520578000	8.8438
520664400	9.0313
520750800	9.4063
521096400	8.9063
521182800	8.5625
521269200	8.6563
521355600	8.8438
521442000	9.2813
521701200	9.0625
521787600	8.7188
521874000	8.375
521960400	8.0625
522046800	7.9375
522306000	8.375
522392400	8.6563
522478800	8.5313
522565200	8.2813
522651600	8.5
522910800	8.0938
522997200	7.8125
523083600	7.625
523170000	7.8125
523256400	7.8438
523515600	7.875
523602000	8.0313
523688400	7.7813
523774800	7.9375
523861200	7.9063
524120400	8.375
524206800	8.5625
524293200	9
524379600	9
524466000	8.9375
524725200	8.8438
524811600	8.8438
524898000	9.0625
524984400	8.9375
525070800	9.0625
525330000	9.0938
525416400	9.1563
525502800	9.25
525589200	9.4375
525675600	9.25
526021200	8.6875
526107600	8.6875
526194000	8.875
526280400	8.7813
526539600	8.6875
526626000	8.9375
526712400	8.75
526798800	8.1563
526885200	7.9375
527144400	8.2813
527230800	8.7188
527317200	8.5625
527403600	8.5
527490000	8.4063
527749200	8.8125
527835600	9.0313
527922000	8.7813
528008400	8.625
528094800	8.5625
528354000	8.125
528440400	8.375
528526800	8.5313
528613200	8.5313
528699600	8.4375
528958800	8.5313
529045200	8.25
529131600	8.1875
529218000	8.25
529304400	8.3125
529563600	8.6563
529650000	8.5
529736400	8.3438
529822800	8.4063
529909200	8.4063
530168400	8.2188
530254800	8.1875
530341200	8.125
530427600	8.2813
530514000	8.25
530776800	8.5
530863200	8.3438
530949600	8.3438
531036000	8.5625
531122400	8.6563
531381600	8.75
531468000	8.9375
531554400	9.25
531640800	9.0313
531727200	8.9375
531986400	8.8438
532072800	8.875
532159200	9.1563
532245600	8.875
532332000	8.8125
532591200	9.0938
532677600	8.8438
532764000	8.75
532850400	8.8125
532936800	9
533196000	9.5
533282400	10.0625
533368800	10.125
533541600	10
533800800	10.0313
533887200	10.375
533973600	10.6875
534060000	10.625
534146400	10.9375
534405600	10.625
534492000	10.5938
534578400	10.875
534664800	10.7188
534751200	10.3125
535010400	10.4375
535096800	10.625
535183200	10.3125
535269600	10.3438
535356000	10.5313
535615200	10.5313
535701600	10.5313
535788000	10.4688
535960800	10.25
536220000	10.125
536306400	10.25
536392800	10.125
536565600	10.2188
536824800	10.75
536911200	10.9375
536997600	11.1875
537084000	11.1875
537170400	11.3438
537429600	11.375
537516000	11.1563
537602400	12.0313
537688800	12.4688
537775200	12.1875
538034400	13.2813
538120800	12.9063
538207200	12.25
538293600	13.125
538380000	12.5625
538639200	12.4375
538725600	13.1875
538812000	13.8438
538898400	13.5313
538984800	13.875
539244000	13.9688
539330400	13.875
539416800	13.75
539503200	13.4688
539589600	13.5
539848800	13.1563
539935200	13.1875
540021600	14.125
540108000	14.6563
540194400	15.5313
540540000	16.5938
540626400	15.875
540712800	15.5938
540799200	15.3125
541058400	15.7813
541144800	16.375
541231200	17.2813
541317600	17.2813
541404000	17.5
541663200	16.875
541749600	16.25
541836000	16.9063
541922400	17.125
542008800	16.8125
542268000	16.1563
542354400	16.6875
542440800	16.5625
542527200	16.3125
542613600	15.875
542872800	16.3125
542959200	16.75
543045600	16.5
543132000	17.0938
543218400	17.0625
543477600	16.875
543564000	16.5625
543650400	16.6875
543736800	16.8125
543823200	16.25
544082400	15.625
544168800	16.125
544255200	16.6875
544341600	17.9375
544428000	17.9375
544683600	17.5
544770000	16.9375
544856400	17.25
544942800	17.75
545029200	17.5625
545288400	16.875
545374800	17
545461200	17.75
545547600	17.875
545893200	17.7813
545979600	18.6875
546066000	18.5625
546152400	19
546238800	18.6875
546498000	18.75
546584400	19.25
546670800	19.4375
546757200	19.8125
546843600	20
547102800	19.9375
547189200	20.0625
547275600	20
547362000	20.0625
547448400	19.75
547707600	19.25
547794000	18.875
547880400	19.625
547966800	19.8125
548053200	19.5625
548312400	18.9375
548398800	18.3125
548485200	18.625
548571600	18.625
548658000	18.5313
549003600	19.5
549090000	19.875
549176400	20
549262800	19.75
549522000	19.4375
549608400	19.3125
549694800	19.4375
549781200	19.625
549867600	19.4375
550126800	19.4375
550213200	19.625
550299600	19.625
550386000	19.75
550472400	19.75
550731600	19.625
550818000	20.75
550904400	20.25
550990800	20.75
551077200	20.5
551336400	21
551422800	20.625
551509200	21
551595600	20.25
551682000	20.25
551941200	20.375
552027600	20.25
552114000	20
552200400	20.3125
552546000	20.375
552632400	19.625
552718800	18.625
552805200	18.875
552891600	19
553150800	20.25
553237200	21.5
553323600	22
553410000	22
553496400	21.625
553755600	20.875
553842000	20.6875
553928400	21.25
554014800	20.875
554101200	21.25
554360400	21.125
554446800	20.9375
554533200	20.5
554619600	20.75
554706000	20.625
554965200	20.125
555051600	21.125
555138000	21.625
555224400	23.125
555310800	23.25
555570000	24.125
555656400	24.75
555742800	24.375
555829200	24.5
555915600	24.5
556174800	24.75
556261200	24.375
556347600	25
556434000	25.875
556520400	26.5
556779600	26.125
556866000	26
556952400	26
557038800	26
557125200	26
557384400	27
557470800	26.25
557557200	26
557643600	25.625
557730000	25.25
558075600	24.9375
558162000	26.375
558248400	26.875
558334800	27.25
558594000	26.5
558680400	25.875
558766800	25.875
558853200	26
558939600	25.875
559198800	25.125
559285200	27.0625
559371600	27.625
559458000	28.25
559544400	28.75
559803600	27.875
559890000	27.25
559976400	28.25
560062800	29.125
560149200	29.25
560408400	29.625
560494800	27.875
560581200	27.75
560667600	27.125
560754000	27.0625
561013200	26.625
561099600	27.25
561186000	26.625
561272400	26
561358800	24.125
561618000	18.25
561704400	17.25
561790800	20.25
561877200	18.375
561963600	17.75
562226400	14
562312800	15.125
562399200	16.75
562485600	19.75
562572000	19.3125
562831200	19.375
562917600	18.125
563004000	18
563090400	19
563176800	18.875
563436000	18.625
563522400	18.125
563608800	18.625
563695200	19.375
563781600	18.625
564040800	18.375
564127200	17.5
564213600	18.125
564300000	17.25
564386400	17.75
564645600	18.125
564732000	18.5
564818400	18.25
564991200	17.5
565250400	16.5
565336800	16.625
565423200	16.25
565509600	15.25
565596000	15.375
565855200	16.5
565941600	17.25
566028000	17.5
566114400	17.375
566200800	17
566460000	18.625
566546400	18.75
566632800	19.625
566719200	19.625
566805600	20.25
567064800	20.875
567151200	20.75
567237600	21.125
567324000	21.3125
567669600	20.125
567756000	21.0625
567842400	21.6875
567928800	21
568274400	22.375
568360800	22.3125
568447200	21.875
568533600	22.25
568620000	20
568879200	21.25
568965600	21
569052000	21.125
569138400	21.125
569224800	21.4375
569484000	21.375
569570400	21.375
569656800	19.875
569743200	20.0625
569829600	19.625
570088800	20.4375
570175200	19.875
570261600	19.875
570348000	20.625
570434400	20.75
570693600	20.875
570780000	20.625
570866400	19.75
570952800	19.875
571039200	19.3125
571298400	19.375
571384800	19.875
571471200	20.5
571557600	20.3125
571644000	20.5
571989600	20.625
572076000	20.9375
572162400	20.875
572248800	20.875
572508000	21.625
572594400	21.375
572680800	21.125
572767200	20.875
572853600	20.875
573112800	21.5
573199200	21.625
573285600	22.375
573372000	23.25
573458400	23.4375
573717600	23.4375
573804000	23.125
573890400	23.375
573976800	22.625
574063200	22.875
574322400	23.125
574408800	22.5
574495200	23.0625
574581600	22.5
574668000	22.375
574927200	21.9375
575013600	22
575100000	21.25
575186400	20.4375
575272800	20.0625
575532000	20.75
575618400	20.5
575704800	19.75
575791200	20
576133200	19.375
576219600	19.625
576306000	20.875
576392400	20.375
576478800	20.5
576738000	20.75
576824400	20.875
576910800	20.625
576997200	19.75
577083600	19.75
577342800	20
577429200	20.125
577515600	19.875
577602000	19.75
577688400	20.0625
577947600	20.4375
578034000	20.75
578120400	20.875
578206800	20.6875
578293200	20.5
578552400	20.5
578638800	20.875
578725200	21
578811600	20.875
578898000	20.625
579157200	20.375
579243600	20.4375
579330000	19.75
579416400	19.875
579502800	20.25
579762000	20.625
579848400	20.25
579934800	19.875
580021200	19.5
580107600	19.375
580366800	19
580453200	19.4375
580539600	19.25
580626000	19.6875
580712400	19.875
581058000	20.75
581144400	21.25
581230800	20.875
581317200	21.5
581576400	22
581662800	22
581749200	22.5
581835600	21.75
581922000	22.25
582181200	22.5
582267600	22.625
582354000	22.875
582440400	22.25
582526800	22.375
582786000	22.0625
582872400	22.4375
582958800	22.8125
583045200	22.5
583131600	22.5
583390800	22.25
583477200	23.125
583563600	23.1875
583650000	23.125
583736400	23.25
584082000	23.625
584168400	23.25
584254800	22.9375
584341200	22.625
584600400	22.5625
584686800	22.375
584773200	22.375
584859600	22.5
584946000	22.5
585205200	22.75
585291600	22.375
585378000	22.125
585464400	21.5
585550800	21.25
585810000	21.375
585896400	21.375
585982800	21.375
586069200	21.3125
586155600	22.1875
586414800	22.5
586501200	22.3125
586587600	22.375
586674000	22.3125
586760400	22.125
587019600	22
587106000	21.75
587192400	20.9375
587278800	21.625
587365200	21.25
587624400	20.625
587710800	21.25
587797200	21
587883600	21.25
587970000	20.375
588229200	19.875
588315600	19.75
588402000	20.375
588488400	20.0625
588574800	20.125
588834000	20.4375
588920400	20.4375
589006800	19.9375
589093200	19.4375
589179600	19.875
589525200	19.4375
589611600	19.125
589698000	19.375
589784400	20.25
590043600	20.5
590130000	20.5
590216400	21
590302800	20.8125
590389200	21.125
590648400	20.875
590734800	20.75
590821200	21.375
590907600	22
590994000	21.875
591253200	21.375
591339600	21.6875
591426000	21.75
591512400	22
591598800	21.625
591858000	21.25
591944400	20.75
592030800	20.4375
592117200	19.875
592203600	19.875
592462800	19.25
592549200	19.5
592635600	19.375
592722000	19.5
592808400	19.375
593067600	19.25
593154000	19.6875
593240400	20
593326800	20.75
593413200	20.5
593672400	20
593758800	19.9375
593845200	19.625
593931600	19.5
594018000	19.25
594280800	19.3125
594367200	19
594453600	18.625
594540000	18.5625
594626400	18.875
594885600	18.75
594972000	19.25
595058400	19.625
595144800	19.75
595231200	19.25
595490400	19.4375
595576800	19.5
595663200	19
595749600	19.125
595836000	19
596095200	18.3125
596181600	18.0625
596268000	18.4375
596440800	18.25
596700000	18.25
596786400	18.375
596872800	18.8125
596959200	19.375
597045600	19.625
597304800	19.75
597391200	19.75
597477600	19.6875
597564000	19.5625
597650400	19.5625
597909600	19.25
597996000	19.375
598082400	19.875
598168800	19.75
598255200	20.0625
598514400	20.375
598600800	20.5
598687200	20.875
598773600	20.5
598860000	20.5625
599205600	20.25
599292000	20.125
599378400	20.25
599464800	20.125
599810400	20.1875
599896800	21
599983200	21.125
600069600	21.3125
600328800	21.5
600415200	21.3125
600501600	21.0625
600588000	21.375
600674400	21.625
600933600	21.875
601020000	20.1875
601106400	19.875
601192800	20.25
601279200	20.5
601538400	20.5
601624800	20.8125
601711200	20.75
601797600	20.875
601884000	18.8125
602143200	18.6875
602229600	18.875
602316000	19.625
602402400	19.875
602488800	19.625
602748000	19.25
602834400	19.5
602920800	19.125
603007200	19.125
603093600	18.625
603352800	18.5
603439200	17.875
603525600	18.125
603612000	18.1875
603698400	18.375
604044000	18.75
604130400	18.375
604216800	18.375
604303200	18
604562400	18.25
604648800	18.125
604735200	18
604821600	17.5
604908000	17.375
605167200	17.75
605253600	17.875
605340000	17.625
605426400	17.25
605512800	17.5
605772000	17.5
605858400	17.625
605944800	17.5
606031200	17.625
606117600	17.4375
606376800	17.4375
606463200	17.4375
606549600	16.9375
606636000	17.1875
606981600	16.875
607068000	17
607154400	17.125
607240800	17.375
607327200	17.8125
607582800	17.5
607669200	17.25
607755600	17.5
607842000	18
607928400	18.6875
608187600	18.5
608274000	18.875
608360400	19.25
608446800	19.25
608533200	19.375
608792400	19.625
608878800	20.0625
608965200	20.4375
609051600	20.375
609138000	20.0625
609397200	20.0625
609483600	20
609570000	19.875
609656400	19.6875
609742800	19.5
610002000	19.5
610088400	19.9375
610174800	20.125
610261200	20.5
610347600	20.75
610606800	21.125
610693200	21.25
610779600	21.625
610866000	21.9375
610952400	22.5
611211600	23
611298000	22.6875
611384400	22.625
611470800	22.375
611557200	22.875
611816400	23
611902800	22.75
611989200	23.875
612075600	24.125
612162000	24.25
612507600	23.75
612594000	23.875
612680400	24.375
612766800	24.5
613026000	23.5
613112400	23.375
613198800	24.125
613285200	23.8125
613371600	23.5
613630800	23.75
613717200	24.25
613803600	24.8125
613890000	23.75
613976400	22.25
614235600	22
614322000	21.5
614408400	21.25
614494800	21.625
614581200	21.9375
614840400	21.75
614926800	21.3125
615013200	20.875
615099600	20.3125
615186000	20.625
615445200	20.375
615618000	20.25
615704400	20.625
615790800	20.625
616050000	20.25
616136400	19.875
616222800	20
616309200	20.3125
616395600	20.375
616654800	20.375
616741200	19.625
616827600	20.25
616914000	20
617000400	20
617259600	19.625
617346000	19.375
617432400	19.125
617518800	19.625
617605200	19.6875
617864400	19.875
617950800	19.9375
618037200	20.25
618123600	20.625
618210000	21.375
618469200	21.875
618555600	22.0625
618642000	22
618728400	21.625
618814800	20.9375
619074000	20.375
619160400	20.6875
619246800	20.1875
619333200	20.5
619419600	21.125
619678800	21.125
619765200	21.4375
619851600	21.875
619938000	22.0625
620024400	22.375
620283600	22.375
620370000	22.0625
620456400	22.25
620542800	22.25
620629200	22.3125
620974800	22.375
621061200	22.375
621147600	22.375
621234000	22.5
621493200	22.875
621579600	23
621666000	22.5
621752400	22.375
621838800	22.5
622098000	22
622184400	21.625
622270800	22.3125
622357200	22.375
622443600	22.4375
622702800	22.625
622789200	22.625
622875600	22.375
622962000	22.75
623048400	22.25
623307600	22.1875
623394000	21.8125
623480400	22.125
623566800	22.75
623653200	24.0625
623912400	24.75
623998800	24.75
624085200	24.4375
624171600	24.375
624258000	22.875
624517200	23.375
624603600	23.625
624690000	24.125
624776400	24.375
624862800	24
625122000	23.375
625208400	23.8125
625294800	23.25
625381200	22.625
625467600	22.625
625730400	22.875
625816800	23.25
625903200	23.0625
625989600	22
626076000	21.625
626335200	21.625
626421600	22
626508000	22.5
626594400	23
626680800	23.375
626940000	23.25
627026400	22.375
627112800	22.125
627199200	22.375
627285600	22.375
627544800	22.625
627631200	22.625
627717600	22.375
627890400	22.375
628149600	22
628236000	22.0625
628322400	22
628408800	22.125
628495200	22
628754400	22.625
628840800	22.5
628927200	21.375
629013600	21.375
629100000	20.875
629359200	19.625
629445600	18
629532000	18
629618400	17.4375
629704800	16.875
629964000	17.375
630050400	17.5
630136800	17.875
630223200	18.125
630309600	18.25
630655200	17.75
630741600	17.5625
630828000	17.3125
630914400	17.625
631260000	18.625
631346400	18.75
631432800	18.8125
631519200	18.875
631778400	19
631864800	18.8125
631951200	18
632037600	17.25
632124000	17.25
632383200	17.125
632469600	17.4375
632556000	16.625
632642400	16.1875
632728800	17.125
632988000	16.625
633074400	16.875
633160800	17
633247200	17.0625
633333600	16.375
633592800	16.625
633679200	17
633765600	17
633852000	16.8125
633938400	17.125
634197600	17.5
634284000	17.375
634370400	16.625
634456800	16.5
634543200	17.125
634802400	17
634888800	17.25
634975200	17.125
635061600	17.125
635148000	16.875
635493600	16.75
635580000	17
635666400	16.5
635752800	16.625
636012000	17
636098400	16.75
636184800	17
636271200	17.125
636357600	16.875
636616800	17.25
636703200	17.625
636789600	17.6875
636876000	18.375
636962400	18.4375
637221600	18.3125
637308000	18.4375
637394400	18.5
637480800	18.375
637567200	20.125
637826400	21.1875
637912800	20.6875
637999200	20.8125
638085600	20.375
638172000	21.125
638431200	21.125
638517600	21
638604000	20.625
638690400	20.5625
638776800	20.125
639032400	20.125
639118800	20.875
639205200	20.625
639291600	20.125
639378000	19.9375
639637200	20.5625
639723600	20.625
639810000	21.25
639896400	21.625
640242000	21.875
640328400	21.625
640414800	21.625
640501200	20.125
640587600	20.125
640846800	19.875
640933200	19.375
641019600	19.375
641106000	19.4375
641192400	19.5625
641451600	19.6875
641538000	19.8125
641624400	19.875
641710800	20
641797200	20
642056400	20.75
642142800	20.875
642229200	20.9375
642315600	20.6875
642402000	21.3125
642661200	20.875
642747600	20.875
642834000	20.8125
642920400	20.75
643006800	19.875
643266000	19.75
643352400	20.6875
643438800	21
643525200	21
643611600	20
643957200	20.5
644043600	20.6875
644130000	20.625
644216400	20.375
644475600	20.375
644562000	19.75
644648400	19.75
644734800	19.5
644821200	19.125
645080400	19.5
645166800	20.25
645253200	19.875
645339600	19.875
645426000	19.75
645685200	19.625
645771600	19.8125
645858000	20
645944400	20.9375
646030800	20.75
646290000	20.625
646376400	20.3125
646462800	20.75
646549200	21.5
646635600	22.375
646894800	22
646981200	22
647154000	21.75
647240400	22.375
647499600	23.3125
647586000	23.5
647672400	23.5
647758800	23.6875
647845200	23.375
648104400	22.8125
648190800	22.125
648277200	22.3125
648363600	20.875
648450000	20.5
648709200	20.75
648795600	21.0625
648882000	21.125
648968400	20.6875
649054800	20.6875
649314000	21.1875
649400400	21
649486800	21.1875
649573200	21.75
649659600	20.625
649918800	19.75
650005200	19.75
650091600	20.0625
650178000	19.75
650264400	19.375
650523600	19.9375
650610000	19.875
650696400	19.625
650782800	19.25
650869200	18.25
651128400	18.375
651214800	18.125
651301200	17.5625
651387600	17.25
651474000	17.75
651733200	18.875
651819600	19.0625
651906000	18.625
651992400	18.125
652078800	18.5
652424400	18.5
652510800	18
652597200	17.875
652683600	18.1875
652942800	17.875
653029200	17
653115600	17
653202000	16.875
653288400	17
653547600	16.875
653634000	16.6875
653720400	16.25
653806800	15.8125
653893200	15.75
654152400	15.125
654238800	15
654325200	14.875
654411600	14.125
654498000	14.5
654757200	15.25
654843600	14.8125
654930000	13.5
655016400	14
655102800	14
655362000	14.5625
655448400	14
655534800	13.25
655621200	13.875
655707600	14.125
655966800	13.875
656053200	12.5
656139600	13.25
656226000	14.25
656312400	15.6875
656571600	15.5625
656658000	15.5
656744400	15.25
656830800	15
656917200	15
657180000	14.9375
657266400	15.1875
657352800	15.375
657439200	15.25
657525600	15.875
657784800	16.625
657871200	16.75
657957600	16.625
658044000	17.25
658130400	17.75
658389600	18.125
658476000	18
658562400	18.5
658648800	18
658735200	17.5625
658994400	18.1875
659080800	17.75
659167200	18.0625
659340000	18.1875
659599200	18.375
659685600	18.75
659772000	18.375
659858400	18.375
659944800	18.375
660204000	19.0625
660290400	19.25
660376800	20.0625
660463200	20.625
660549600	21.25
660808800	20.875
660895200	20
660981600	19.8125
661068000	20.375
661154400	19.9375
661413600	20.0625
661500000	21.125
661586400	20.9375
661672800	22
661759200	22.5
662018400	22
662191200	21.875
662277600	21.75
662364000	21.5
662623200	21.5
662796000	21.75
662882400	21.5
662968800	21.625
663228000	21.625
663314400	21.625
663400800	22.625
663487200	23.5625
663573600	23.5
663832800	23.125
663919200	23.375
664005600	24.875
664092000	25.625
664178400	25.125
664437600	25.375
664524000	25.625
664610400	25.875
664696800	26.0625
664783200	26.75
665042400	27.25
665128800	26.875
665215200	27.75
665301600	27.75
665388000	27.875
665647200	27.625
665733600	28.875
665820000	28.4375
665906400	28.875
665992800	29.9375
666252000	30.6875
666338400	30
666424800	30
666511200	28.5625
666597600	28.8125
666943200	30
667029600	30.5
667116000	29.5
667202400	29.875
667461600	29
667548000	29.125
667634400	29.125
667720800	28.625
667807200	28.875
668066400	29.1875
668152800	31.5625
668239200	31.5
668325600	33.625
668412000	32.5
668671200	31.75
668757600	31.4375
668844000	33.125
668930400	32.625
669016800	33.125
669276000	33.875
669362400	34.75
669448800	33.875
669535200	32.375
669621600	31.625
669880800	32.25
669967200	35
670053600	34.625
670140000	34
670485600	34.25
670572000	36.375
670658400	35
670744800	35.75
670831200	34.6875
671086800	35
671173200	34.375
671259600	33.4375
671346000	35.5
671432400	35.875
671691600	31.125
671778000	32.125
671864400	31.625
671950800	30.5
672037200	29.8125
672296400	30.75
672382800	30.75
672469200	30.375
672555600	29.25
672642000	29.3125
672901200	29.125
672987600	27.5
673074000	23.625
673160400	24.5
673246800	24.5
673506000	25.125
673592400	25.3125
673678800	24.875
673765200	25.375
673851600	25.625
674110800	26.375
674197200	26.75
674283600	25.25
674370000	24.5
674456400	23.5
674715600	22.125
674802000	22.625
674888400	23.125
674974800	22.5625
675061200	22.9375
675406800	23
675493200	23.5
675579600	23.8125
675666000	23.5
675925200	24.625
676011600	24.5625
676098000	24
676184400	23.3125
676270800	23.0625
676530000	23
676616400	22.3125
676702800	21.1875
676789200	21.0625
676875600	20.5625
677134800	21
677221200	21.0625
677307600	20.875
677394000	21
677480400	21
677739600	20.875
677826000	21.1875
677912400	21.5
677998800	21.25
678085200	20.75
678344400	21.25
678430800	21.125
678517200	21.5625
678690000	22.8125
678949200	23.375
679035600	23.4375
679122000	23.625
679208400	23.375
679294800	23.375
679554000	22.75
679640400	21.875
679726800	21.25
679813200	22.4375
679899600	23
680158800	23
680245200	22.5
680331600	22.5
680418000	22.625
680504400	22.4375
680763600	22.75
680850000	23.25
680936400	23.125
681022800	24.5625
681109200	25
681368400	24.25
681454800	24.75
681541200	25.1875
681627600	25.25
681714000	25.375
681973200	25.875
682059600	26.75
682146000	27.4375
682232400	26.625
682318800	26.625
682578000	25.25
682664400	25.5
682750800	26.875
682837200	27.125
682923600	26.5
683182800	26.5
683269200	27
683355600	26.625
683442000	26.5
683528400	26.5
683874000	26.25
683960400	25.75
684046800	25.5
684133200	25.75
684392400	26.625
684478800	25.0625
684565200	25.25
684651600	25.3125
684738000	24.3125
684997200	23.625
685083600	24.5
685170000	25.0625
685256400	24.875
685342800	25.3125
685602000	24.75
685688400	25.125
685774800	25.25
685861200	25
685947600	24.5
686206800	24.75
686293200	25.375
686379600	24.875
686466000	23.875
686552400	24.125
686811600	24.0625
686898000	24.125
686984400	24
687070800	23.875
687157200	24.25
687416400	24.9375
687502800	26.25
687589200	26.75
687675600	26.1875
687762000	27.5
688021200	27.375
688107600	27.25
688194000	26.5625
688280400	26.0625
688366800	25.625
688629600	25.75
688716000	25.875
688802400	24.875
688888800	25.75
688975200	25.5
689234400	24.875
689320800	24.375
689407200	24
689493600	24.875
689580000	26.625
689839200	26.875
689925600	27.25
690012000	27.0625
690098400	27.375
690184800	25
690444000	26.0625
690530400	25.625
690616800	25.25
690703200	25.5
690789600	25.625
691048800	25.625
691135200	25.75
691221600	25.5
691394400	25.375
691653600	25.875
691740000	25.25
691826400	25.25
691912800	25
691999200	24.375
692258400	24.5625
692344800	24.5625
692431200	24.5
692517600	24.6875
692604000	25.1875
692863200	25.25
692949600	25.25
693036000	25.875
693122400	25.375
693208800	25.125
693468000	25.75
693554400	26.125
693727200	27.4375
693813600	27.5
694072800	28.375
694159200	28.1875
694332000	29.75
694418400	29.5
694677600	29
694764000	29.5625
694850400	30.25
694936800	31.125
695023200	31.125
695282400	31
695368800	32.25
695455200	31.75
695541600	31.375
695628000	32.375
695887200	32
695973600	30.5625
696060000	31.75
696146400	32.25
696232800	32.3125
696492000	32.25
696578400	32.625
696664800	31.625
696751200	31.875
696837600	32.375
697096800	32.875
697183200	32.875
697269600	33.0625
697356000	32.0625
697442400	32
697701600	31.5625
697788000	31.4375
697874400	32.625
697960800	32.125
698047200	32.0625
698392800	31.375
698479200	31
698565600	32.3125
698652000	32.5
698911200	33.0625
698997600	34.25
699084000	34.9375
699170400	34.25
699256800	33.75
699516000	33.625
699602400	33.1875
699688800	32.5
699775200	31.75
699861600	32
700120800	31.875
700207200	31.875
700293600	31.625
700380000	31.375
700466400	31.5625
700725600	31.6875
700812000	31.4375
700898400	31.875
700984800	31.5
701071200	31.625
701330400	31.5
701416800	32.5
701503200	32.25
701589600	32
701676000	30.5
701935200	29.0625
702021600	29.125
702108000	29.5
702194400	29.375
702280800	29.5
702536400	30.375
702622800	28.625
702709200	27.9375
702795600	28.625
702882000	27.75
703141200	28.25
703227600	29.375
703314000	30.25
703400400	29.5
703746000	28.375
703832400	28.125
703918800	28.8125
704005200	28.5
704091600	28.25
704350800	27.875
704437200	27.125
704523600	28.5
704610000	30.0625
704696400	29.625
704955600	30.25
705042000	30.25
705128400	30.875
705214800	30.375
705301200	31
705560400	31.125
705646800	31.125
705733200	31.375
705819600	30.6875
705906000	30.3125
706165200	30.1875
706251600	29.6875
706338000	30
706424400	29.5625
706510800	29.75
706856400	29.625
706942800	30.125
707029200	29.75
707115600	29.875
707374800	28.75
707461200	28.25
707547600	27.0625
707634000	27.25
707720400	27.4375
707979600	27.125
708066000	27
708152400	26.875
708238800	26.9375
708325200	27.3125
708584400	26.3125
708670800	24.625
708757200	23.75
708843600	22.625
708930000	22.375
709189200	22.125
709275600	22.625
709362000	23
709448400	22.8125
709534800	22.625
709794000	23.375
709880400	24
709966800	24.5
710053200	23.125
710398800	23.125
710485200	22.125
710571600	22.875
710658000	22.9375
710744400	22.875
711003600	23.5
711090000	23.75
711176400	24
711262800	24.375
711349200	22.5
711608400	22.375
711694800	22.875
711781200	22.125
711867600	22.375
711954000	22.9375
712213200	22.625
712299600	23.25
712386000	23.625
712472400	23.625
712558800	23.375
712818000	22.875
712904400	22.75
712990800	22.375
713077200	22
713163600	21.6875
713422800	22.0625
713509200	21.75
713595600	22.0625
713682000	22.375
713768400	22.375
714027600	22.375
714114000	22.375
714200400	22.25
714286800	22.375
714373200	22.3125
714632400	21.625
714718800	22.1875
714805200	22.125
714891600	22.25
714978000	22.5
715237200	23
715323600	23.25
715410000	24.25
715496400	23.875
715582800	23.625
715928400	23.875
716014800	24.5
716101200	24.625
716187600	23.8125
716446800	24.75
716533200	24.125
716619600	23.5
716706000	23
716792400	23.25
717051600	23.25
717138000	22.875
717224400	23.75
717310800	23.125
717397200	22.75
717656400	22.375
717742800	22.4375
717829200	22.5625
717915600	22.125
718002000	21.875
718261200	21.75
718347600	22.375
718434000	21.875
718520400	21.75
718606800	21.6875
718866000	22
718952400	22.6875
719038800	23
719125200	22.75
719211600	24.5
719470800	24.5
719557200	24.5625
719643600	24.25
719730000	24.375
719816400	24.375
720079200	25.75
720165600	25.75
720252000	26.125
720338400	26.625
720424800	26.25
720684000	26.125
720770400	26
720856800	26.25
720943200	27.5
721029600	27.875
721288800	27.625
721375200	28.125
721461600	28.375
721548000	28.4375
721634400	28.125
721893600	28.6875
721980000	27.625
722066400	28.875
722152800	29.125
722239200	28.75
722498400	28.375
722584800	28.75
722671200	28.25
722844000	28.25
723103200	28.75
723189600	29.125
723276000	28.625
723362400	28.75
723448800	28.4375
723708000	28.875
723794400	29.0625
723880800	28.8125
723967200	28.625
724053600	28.75
724312800	28.625
724399200	28.1875
724485600	27.5
724572000	28.4375
724658400	29.125
724917600	29.8125
725004000	30.3125
725090400	29.875
725176800	29.5
725522400	29.75
725608800	29.8125
725695200	29.375
725781600	29.875
726127200	29.125
726213600	29.625
726300000	30.875
726386400	30.5
726472800	31.125
726732000	32.0625
726818400	30.75
726904800	31.75
726991200	32.5
727077600	30.125
727336800	29.75
727423200	29.875
727509600	30
727596000	30
727682400	29.75
727941600	30
728028000	30.375
728114400	30.125
728200800	29.9375
728287200	29.75
728546400	30.625
728632800	30.125
728719200	30
728805600	29.75
728892000	28.625
729151200	28.25
729237600	28.4375
729324000	27.875
729410400	27.5625
729496800	26.9375
729842400	26.5
729928800	26.9375
730015200	27.5
730101600	27.5
730360800	27.5625
730447200	27.125
730533600	26.8125
730620000	27.375
730706400	26.5
730965600	26.625
731052000	27.125
731138400	27.3125
731224800	27.5
731311200	27.5
731570400	28.25
731656800	28.375
731743200	28.375
731829600	28.4375
731916000	28.125
732175200	28.5
732261600	28.25
732348000	27.5625
732434400	27.25
732520800	26.875
732780000	26.625
732866400	26.375
732952800	26.875
733039200	27.375
733125600	26.625
733384800	25.5
733471200	26.125
733557600	25.75
733644000	25.875
733730400	25.0625
733986000	25
734072400	24.375
734158800	25.25
734245200	24.875
734590800	25
734677200	24.25
734763600	24.375
734850000	23.625
734936400	24.0625
735195600	24.25
735282000	25
735368400	24.8125
735454800	25
735541200	24.625
735800400	24.5
735886800	25.125
735973200	25.6875
736059600	25.375
736146000	25.625
736405200	25.9375
736491600	26.6875
736578000	27.25
736664400	26.875
736750800	27.375
737010000	27.5
737096400	27.25
737182800	26.625
737269200	27.75
737355600	27.75
737614800	27.875
737701200	27.75
737787600	28.625
737874000	29.375
737960400	28.75
738219600	28.8125
738306000	28.1875
738392400	28.875
738478800	28.75
738565200	28.3125
738910800	28.5
738997200	28.5
739083600	28.1875
739170000	27.4375
739429200	25.375
739515600	24.75
739602000	22.125
739688400	22.25
739774800	21.875
740034000	22.3125
740120400	21
740206800	21.125
740293200	20.625
740379600	20.5
740638800	19.8125
740725200	20.6875
740811600	20.25
740898000	20.875
740984400	20
741243600	20.0625
741330000	19.5
741416400	19.75
741502800	19
741589200	19.25
741934800	18.875
742021200	18.25
742107600	18.25
742194000	18.375
742453200	19
742539600	18.625
742626000	18.625
742712400	17.875
742798800	13.75
743058000	12.8125
743144400	13.4375
743230800	13.125
743317200	13.25
743403600	13.125
743662800	13.4375
743749200	13.25
743835600	13.4375
743922000	13.625
744008400	13.875
744267600	14.25
744354000	14.5
744440400	15.125
744526800	14.75
744613200	14.625
744872400	14.875
744958800	14.25
745045200	13.75
745131600	13.25
745218000	13.6875
745477200	13.75
745563600	14.1875
745650000	14.25
745736400	13.75
745822800	14
746082000	14.1875
746168400	14
746254800	13.625
746341200	13.4375
746427600	13.25
746686800	13
746773200	13.25
746859600	13.0625
746946000	12.875
747032400	12.875
747378000	13.125
747464400	13.375
747550800	13
747637200	13.125
747896400	12.625
747982800	12.125
748069200	12.25
748155600	12.375
748242000	12.625
748501200	12.4375
748587600	12.25
748674000	12.75
748760400	12.375
748846800	12.5
749106000	12.375
749192400	12.375
749278800	11.9375
749365200	11.6875
749451600	11.375
749710800	11.375
749797200	11.75
749883600	11.8125
749970000	11.5
750056400	11.3125
750315600	11.875
750402000	12
750488400	12
750574800	11.875
750661200	14.125
750920400	14.1875
751006800	13.875
751093200	13.875
751179600	15.125
751266000	15.125
751525200	15
751611600	14.875
751698000	15.875
751784400	15.5
751870800	15.375
752133600	15.75
752220000	16.375
752306400	15.8125
752392800	16.125
752479200	15.9375
752738400	15.375
752824800	15.0625
752911200	15.375
752997600	15.6875
753084000	15.875
753343200	16
753429600	17
753516000	16.75
753602400	16.75
753688800	16.5
753948000	16.25
754034400	16.5
754120800	16.5
754293600	16.3125
754552800	15.875
754639200	15.75
754725600	15.75
754812000	15.875
754898400	15.75
755157600	16.125
755244000	16.125
755330400	15.9375
755416800	15
755503200	14.125
755762400	14.75
755848800	14.5625
755935200	14.875
756021600	14.6875
756108000	14.75
756367200	14.25
756453600	13.75
756540000	14
756626400	13.625
756972000	14.25
757058400	14.5625
757144800	14.25
757231200	14.875
757317600	14.625
757576800	14.9375
757663200	15.75
757749600	16.875
757836000	16.375
757922400	16.5625
758181600	16.8125
758268000	15.9375
758354400	15.25
758440800	15.3125
758527200	15.5
758786400	15.1875
758872800	14.6875
758959200	14.625
759045600	14.9375
759132000	16.6875
759391200	17.5
759477600	16.9375
759564000	16.75
759650400	17.0625
759736800	17
759996000	16.375
760082400	16.625
760168800	16.5
760255200	16.75
760341600	16.75
760600800	18.25
760687200	17.875
760773600	18.125
760860000	18.25
760946400	18.5
761205600	18.5
761292000	18.5625
761378400	18.375
761464800	18.5
761551200	18.125
761896800	18.625
761983200	18.625
762069600	18.3125
762156000	18
762415200	18.25
762501600	18.125
762588000	17.8125
762674400	17.875
762760800	18.375
763020000	18.9375
763106400	18.5
763192800	18.75
763279200	18.625
763365600	18.625
763624800	19.0625
763711200	18.8125
763797600	18.375
763884000	18.25
763970400	18.1875
764229600	17.75
764316000	17.5
764402400	17.5625
764488800	17.3125
764575200	16.375
764834400	16.625
764920800	16.375
765007200	16.25
765093600	16.625
765435600	16.625
765522000	16.75
765608400	16.75
765694800	16.6875
765781200	16.75
766040400	16.75
766126800	16
766213200	15.875
766299600	15.75
766386000	15.125
766645200	14.8125
766731600	14.5
766818000	14.125
766904400	14.8125
766990800	14.875
767250000	15.5
767336400	15.625
767509200	15.125
767595600	15
767854800	15.5
767941200	15.125
768027600	16.5
768114000	16.4375
768200400	16.1563
768459600	15.625
768546000	15.5
768632400	15.125
768718800	14.8438
768805200	15
769064400	14.75
769150800	14.6875
769237200	15.3125
769323600	16.0625
769410000	15.5313
769669200	15.25
769755600	15.375
769842000	15.625
769928400	15.25
770014800	14.9688
770360400	14.625
770446800	14.125
770533200	13.6875
770619600	13.8125
770878800	13.6875
770965200	13.75
771051600	13.0625
771138000	13.5
771224400	13.25
771483600	13.5
771570000	13.5313
771656400	13.9063
771742800	13.1875
771829200	13.25
772088400	13.5625
772174800	13
772261200	13.125
772347600	12.5625
772434000	12.8125
772693200	13.125
772779600	13.375
772866000	13.0625
772952400	13.25
773038800	12.875
773384400	13.25
773470800	13.0625
773557200	13.4063
773643600	13.5313
773902800	13.5
773989200	14.1875
774075600	14.8438
774162000	14.3125
774248400	14.125
774507600	14.1875
774594000	13.8438
774680400	13.3125
774766800	14
774853200	15.5
775112400	15.8438
775198800	15.6875
775285200	15.5313
775371600	15.9375
775458000	16.8438
775717200	16.6875
775803600	16.2813
775890000	16.5625
775976400	16.625
776062800	16.625
776322000	16.875
776408400	16.8125
776494800	17.3125
776581200	17.1563
776667600	17.375
776926800	17.3125
777013200	17.375
777099600	17.5
777186000	17.3125
777272400	17.4375
777531600	17.4375
777618000	17.5
777704400	17.4375
777790800	17.5313
777877200	17.875
778136400	17.6875
778222800	18.125
778309200	18.0938
778395600	17.5
778482000	17.6875
778827600	17.7813
778914000	18.0625
779000400	18.0625
779086800	17.875
779346000	17.875
779432400	17.9063
779518800	17.5625
779605200	18
779691600	18.1875
779950800	17.75
780037200	17.2813
780123600	17.0625
780210000	16.9375
780296400	16.9688
780555600	16.9688
780642000	16.9375
780728400	16.9375
780814800	17.0625
780901200	16.8438
781160400	16.5625
781246800	16.875
781333200	18.9375
781419600	18.125
781506000	18.5
781765200	19.4375
781851600	19.8125
781938000	21.0625
782024400	20.5625
782110800	20.5625
782370000	19.875
782456400	20.625
782542800	20.625
782629200	20.5
782715600	21.3125
782974800	21.125
783061200	21.3125
783147600	21.625
783234000	21.375
783320400	21.0625
783583200	21.5938
783669600	21.5625
783756000	20.6875
783842400	20.75
783928800	20.1875
784188000	20.375
784274400	21.125
784360800	20.8125
784447200	20.6563
784533600	20.5625
784792800	21.25
784879200	20.6875
784965600	20.4688
785052000	20
785138400	20
785397600	19.0625
785484000	18.6875
785570400	18.4375
785743200	18.875
786002400	18.9063
786088800	19.125
786175200	18.625
786261600	18.0938
786348000	18.2813
786607200	18.5938
786693600	18.7813
786780000	18.3125
786866400	17.9375
786952800	18.125
787212000	18.25
787298400	18.1875
787384800	18.9375
787471200	18.5625
787557600	18.625
787816800	19.5625
787903200	19.25
787989600	19.1875
788076000	19.3125
788162400	19.4375
788508000	19.5625
788594400	19.5625
788680800	19.75
788767200	19.5
789112800	19.1875
789199200	19.6875
789285600	19.4375
789372000	21
789631200	20.6094
789717600	21.8438
789804000	23.375
789890400	22.6875
789976800	22.4375
790236000	22.25
790322400	22.5
790408800	22.8125
790495200	22.9375
790581600	21.3125
790840800	21.125
790927200	20.8125
791013600	20.5
791100000	19.75
791186400	19.9375
791445600	20.0625
791532000	20.1875
791618400	20.0625
791704800	20.8125
791791200	20.25
792050400	20.25
792136800	20.4063
792223200	21.1563
792309600	21.8125
792396000	21.875
792655200	21.875
792741600	21.4688
792828000	21.2813
792914400	21.5938
793000800	21.25
793346400	20.5
793432800	20.4063
793519200	20.0938
793605600	19.5
793864800	19.125
793951200	19.75
794037600	20
794124000	20
794210400	20.125
794469600	19.875
794556000	19.1563
794642400	19.7813
794728800	19.875
794815200	19.75
795074400	19.0625
795160800	17.5
795247200	17.5
795333600	17.625
795420000	17.5625
795679200	17.625
795765600	18.125
795852000	19.0313
795938400	18.5625
796024800	18.875
796284000	18.5938
796370400	17.1875
796456800	17.1875
796543200	17.6875
796629600	17.625
796885200	17.75
796971600	16.9375
797058000	17.375
797144400	18.375
797230800	18.375
797490000	18.3125
797576400	18.875
797662800	19.5
797749200	19.125
798094800	19.1875
798181200	18.75
798267600	18.1875
798354000	18.8125
798440400	19.5625
798699600	19.5
798786000	18.875
798872400	19.125
798958800	18.9375
799045200	19.125
799304400	19.125
799390800	19.0625
799477200	19.0625
799563600	19.25
799650000	19.4375
799909200	20.25
799995600	20.625
800082000	20.7188
800168400	20.5
800254800	21.8125
800514000	21.8125
800600400	21.875
800686800	22
800773200	21.6875
800859600	21.375
801118800	22.0625
801205200	21.9375
801291600	21.75
801378000	21.6875
801464400	21.3438
801810000	21
801896400	20.7813
801982800	21.0938
802069200	21.0625
802328400	21.75
802414800	22
802501200	21.5625
802587600	21.4688
802674000	21.75
802933200	22.0938
803019600	22
803106000	21.8125
803192400	21.8125
803278800	21.9375
803538000	22.1875
803624400	23.6875
803710800	24.6875
803797200	24.5625
803883600	24.375
804142800	24.0625
804229200	23.1875
804315600	23.3125
804402000	23.625
804488400	23.2188
804747600	23.4688
804920400	23.25
805006800	23.5
805093200	24.3125
805352400	24.3125
805438800	23.5625
805525200	23.5
805611600	23.8125
805698000	24.375
805957200	24.5
806043600	24.0625
806130000	22.75
806216400	23.5313
806302800	21.875
806562000	22.6875
806648400	22.875
806734800	22.6875
806821200	23.4063
806907600	22.75
807166800	22.5
807253200	21.75
807339600	22.1875
807426000	22.5
807512400	22.125
807771600	21.6875
807858000	21.25
807944400	21.5625
808030800	21.375
808117200	21.5313
808376400	21.6875
808462800	22.0313
808549200	22.25
808635600	22.3125
808722000	22.4375
808981200	22.0625
809067600	22.375
809154000	22.75
809240400	22.875
809326800	22.375
809586000	21.5
809672400	21.5625
809758800	21.6875
809845200	21.5
809931600	21.4688
810277200	21.75
810363600	21.875
810450000	22.375
810536400	22.375
810795600	22.125
810882000	21.4688
810968400	21.1875
811054800	20
811141200	17.9375
811400400	18.3438
811486800	18.375
811573200	18.3125
811659600	18.5
811746000	18.5313
812005200	18.7656
812091600	18.6875
812178000	18.125
812264400	18.875
812350800	18.625
812610000	18.8125
812696400	18.8125
812782800	18.1875
812869200	18.25
812955600	17.8438
813214800	17.4063
813301200	17.3438
813387600	17.4375
813474000	17.6563
813560400	18
813819600	18.0625
813906000	18.3125
813992400	18.6875
814078800	17.375
814165200	17.5625
814424400	17.5625
814510800	17.5625
814597200	17.375
814683600	17.4375
814770000	17.375
815032800	17.625
815119200	18.1563
815205600	18.3125
815292000	18.3125
815378400	18.25
815637600	19.0625
815724000	19.8125
815810400	19.4375
815896800	19.6875
815983200	19.875
816242400	20.4375
816328800	20.75
816415200	20.5
816501600	19.9688
816588000	20.0625
816847200	19.3125
816933600	19.3125
817020000	19.3125
817192800	20.0938
817452000	19.6875
817538400	20
817624800	19.625
817711200	19.0625
817797600	18.8125
818056800	19.75
818143200	19.75
818229600	19.375
818316000	19.2813
818402400	19.6875
818661600	19.3125
818748000	19
818834400	19.1875
818920800	19.125
819007200	17.625
819266400	16.125
819352800	16.375
819439200	16.3125
819525600	16.25
819612000	16.125
819957600	16.0313
820044000	16.1875
820130400	16
820216800	15.9375
820562400	16.0625
820648800	16.0625
820735200	15.7813
820821600	17.125
821080800	17.3125
821167200	16.375
821253600	17.125
821340000	17.5
821426400	16.9375
821685600	17.0625
821772000	17.2813
821858400	17
821944800	15.9688
822031200	14.9375
822290400	15.25
822376800	15.8125
822463200	16.125
822549600	15.125
822636000	15.3125
822895200	14.5625
822981600	13.6563
823068000	13.8125
823154400	14.1875
823240800	14.625
823500000	14.625
823586400	14.8125
823672800	14.125
823759200	13.9375
823845600	13.875
824104800	14.1875
824191200	14.0625
824277600	13.8125
824364000	14
824450400	13.75
824796000	14.5
824882400	14.8125
824968800	14.9375
825055200	14.9375
825314400	14.75
825400800	14.3125
825487200	13.875
825573600	13.75
825660000	13.4375
825919200	13.125
826005600	13.3125
826092000	13.0938
826178400	12.9063
826264800	13
826524000	12.9375
826610400	12.9063
826696800	12.875
826783200	12.8125
826869600	12.9375
827128800	13.0625
827215200	12.875
827301600	12.625
827388000	12.5625
827474400	12.6875
827733600	12
827820000	11.9375
827906400	12.625
827992800	12.0938
828079200	12.2813
828338400	12.75
828424800	12.5
828511200	12.2813
828597600	12.0625
828939600	12.1875
829026000	13
829112400	13
829198800	12.875
829285200	12.75
829544400	12.875
829630800	12.9375
829717200	12.625
829803600	12.375
829890000	12.5313
830149200	12.5625
830235600	12.375
830322000	12.125
830408400	12.4375
830494800	12.375
830754000	12.375
830840400	12.1875
830926800	12.1875
831013200	11.875
831099600	11.9375
831358800	12.8125
831445200	13.4375
831531600	13.375
831618000	13.0625
831704400	13.625
831963600	13.5313
832050000	13.75
832136400	14.25
832222800	14.1875
832309200	13.8125
832568400	13.9688
832654800	13.5625
832741200	13.0313
832827600	13.125
832914000	13.375
833259600	13.1875
833346000	12.4375
833432400	12.75
833518800	13.0625
833778000	12.375
833864400	12.0938
833950800	12.5625
834037200	12.125
834123600	12.1875
834382800	12.0625
834469200	12
834555600	12.125
834642000	12.3125
834728400	11.9688
834987600	11.8125
835074000	11.375
835160400	11.5625
835246800	11.375
835333200	11.3125
835592400	11.125
835678800	10.3125
835765200	9.9375
835851600	10.3125
835938000	10.5
836197200	10.75
836283600	10.5
836370000	9.6875
836542800	9.75
836802000	9.5625
836888400	9.5
836974800	9.375
837061200	8.9375
837147600	9.0313
837406800	8.5938
837493200	8.4375
837579600	8.4375
837666000	10.4375
837752400	10.375
838011600	10.125
838098000	10.25
838184400	10.4063
838270800	10.5
838357200	11
838616400	11.125
838702800	10.6875
838789200	11
838875600	10.625
838962000	10.8125
839221200	10.5
839307600	10.75
839394000	11.1875
839480400	11.0625
839566800	11.5625
839826000	11.5
839912400	11.25
839998800	11.375
840085200	11.125
840171600	11.25
840430800	11.8125
840517200	11.75
840603600	11.5
840690000	11.625
840776400	11.9375
841035600	12.0625
841122000	12.4375
841208400	12.4375
841294800	12.25
841381200	12.125
841726800	12.0625
841813200	12.0625
841899600	11.4375
841986000	11.5
842245200	11
842331600	10.75
842418000	10.5625
842504400	10.1875
842590800	10.5
842850000	11.1875
842936400	11.5
843022800	11.75
843109200	11.6875
843195600	11.4375
843454800	11.1875
843541200	11.25
843627600	11.1875
843714000	11.1875
843800400	11.1563
844059600	11.0938
844146000	12.3125
844232400	11.8125
844318800	11.1875
844405200	11.4063
844664400	11.5625
844750800	11.625
844837200	11.5
844923600	12.0938
845010000	12.125
845269200	12.625
845355600	12.625
845442000	12.875
845528400	13.1875
845614800	13.2813
845874000	12.8125
845960400	12.4375
846046800	12.375
846133200	12.375
846219600	12.25
846482400	12.25
846568800	11.625
846655200	11.4375
846741600	11.5
846828000	12.125
847087200	12.1875
847173600	12.75
847260000	12.75
847346400	12.9375
847432800	13.125
847692000	13
847778400	12.625
847864800	12.7813
847951200	12.8125
848037600	12.5
848296800	12.375
848383200	12.4375
848469600	12.5
848556000	12.25
848642400	12.625
848901600	12.5
848988000	12.125
849074400	12.25
849247200	12.0625
849506400	12.5625
849592800	12.5625
849679200	12.5
849765600	12.5
849852000	12.5625
850111200	12.5
850197600	12.25
850284000	12
850370400	11.9375
850456800	11.625
850716000	11.3125
850802400	11.25
850888800	11.5625
850975200	11.125
851061600	11.75
851320800	11.625
851407200	11.5625
851580000	11.5
851666400	11.5625
851925600	10.875
852012000	10.4375
852184800	10.5
852271200	10.875
852530400	8.9375
852616800	8.75
852703200	8.8125
852789600	8.875
852876000	9.125
853135200	9.0625
853221600	8.9375
853308000	8.625
853394400	8.375
853480800	8.375
853740000	8.4688
853826400	8.625
853912800	8.5938
853999200	8.625
854085600	8.4375
854344800	8.3125
854431200	8.3125
854517600	8.3125
854604000	8.375
854690400	8.3125
854949600	8.1563
855036000	7.6875
855122400	7.625
855208800	8
855295200	7.9063
855554400	7.8125
855640800	7.8438
855727200	7.875
855813600	8.0625
855900000	8.1563
856245600	8.9375
856332000	8.8125
856418400	8.5
856504800	8.1875
856764000	8.3125
856850400	8.4375
856936800	8.5625
857023200	8.5
857109600	8.125
857368800	8.0625
857455200	8.25
857541600	8.5
857628000	8.3125
857714400	8.25
857973600	8.3125
858060000	8.1875
858146400	8.125
858232800	8.1875
858319200	8.2813
858578400	8.25
858664800	8.125
858751200	8.0625
858837600	8.625
858924000	8.3125
859183200	8.25
859269600	8.25
859356000	8.375
859442400	9.3125
859788000	9.125
859874400	8.75
859960800	9
860047200	9.4375
860133600	9.625
860389200	9.75
860475600	9.5625
860562000	9.5
860648400	9.4375
860734800	9.125
860994000	9.375
861080400	9.2188
861166800	9.2813
861253200	9.5
861339600	9.1875
861598800	9
861685200	9.25
861771600	9.0625
861858000	8.9375
861944400	8.75
862203600	8.8125
862290000	8.8438
862376400	8.5
862462800	8.5
862549200	8.5
862808400	8.5
862894800	8.4375
862981200	8.25
863067600	8.5
863154000	8.5313
863413200	8.7813
863499600	8.7813
863586000	8.8438
863672400	8.875
863758800	8.625
864018000	8.5
864104400	8.625
864190800	8.4375
864277200	8.3125
864363600	8.4375
864709200	8.625
864795600	8.5
864882000	8.3125
864968400	8.3125
865227600	8.4688
865314000	8.3438
865400400	8.3125
865486800	8.3438
865573200	8.375
865832400	8.3125
865918800	8.125
866005200	8.1563
866091600	8.0313
866178000	7.9063
866437200	7.75
866523600	8.1719
866610000	7.9688
866696400	7.875
866782800	7.7813
867042000	7.6875
867128400	7.6563
867214800	7.5625
867301200	7.3438
867387600	7.3438
867646800	7.125
867733200	6.5938
867819600	6.5313
867906000	6.8438
868251600	6.9063
868338000	6.875
868424400	6.8438
868510800	6.625
868597200	7.5938
868856400	7.8125
868942800	7.9688
869029200	8.2188
869115600	8.75
869202000	8.6719
869461200	8.0781
869547600	8.2813
869634000	8.0625
869720400	7.9063
869806800	8.125
870066000	8.2188
870152400	8.25
870238800	8.6875
870325200	8.75
870411600	9.5938
870670800	9.875
870757200	9.875
870843600	13.1563
870930000	14.5938
871016400	13.4063
871275600	12.2813
871362000	11.0313
871448400	11.8125
871534800	11.5
871621200	11.625
871880400	11.8125
871966800	12.2188
872053200	12.3125
872139600	12
872226000	11.8125
872485200	11.5313
872571600	11.125
872658000	11.3438
872744400	11
872830800	10.875
873176400	11.1875
873262800	11.25
873349200	11.25
873435600	11.0938
873694800	10.75
873781200	10.9063
873867600	11.4688
873954000	11.1875
874040400	11.0313
874299600	10.75
874386000	10.9688
874472400	10.9063
874558800	11.1563
874645200	10.9688
874904400	11.4063
874990800	10.875
875077200	10.75
875163600	10.5625
875250000	10.6563
875509200	11.0313
875595600	10.8438
875682000	10.7656
875768400	10.9688
875854800	11.0625
876114000	10.9688
876200400	10.9063
876286800	10.75
876373200	10.875
876459600	11.3438
876718800	11.3438
876805200	11.3438
876891600	11.9063
876978000	10.75
877064400	10.0625
877323600	9.3438
877410000	9.5313
877496400	9.2813
877582800	8.875
877669200	8.2813
877932000	8.375
878018400	9.0625
878104800	8.75
878191200	8.25
878277600	8.5156
878536800	8.6875
878623200	8.9688
878709600	9.1875
878796000	9.5
878882400	9.875
879141600	9.3438
879228000	9.1875
879314400	8.8125
879400800	9
879487200	9.2188
879746400	9.25
879832800	9.0313
879919200	9.125
880005600	9.25
880092000	9.0938
880351200	8.8125
880437600	8.6875
880524000	8.75
880696800	8.875
880956000	8.875
881042400	7.9375
881128800	7.875
881215200	7.8125
881301600	7.9063
881560800	7.7813
881647200	7.625
881733600	7.375
881820000	7.2813
881906400	7.0625
882165600	6.9688
882252000	7.1563
882338400	6.9688
882424800	6.9063
882511200	6.8438
882770400	6.6563
882856800	6.4688
882943200	6.5625
883116000	6.6563
883375200	6.5625
883461600	6.5938
883548000	6.5625
883720800	8.125
883980000	7.9375
884066400	9.4688
884152800	8.75
884239200	9.0938
884325600	9.0938
884584800	9.125
884671200	9.75
884757600	9.875
884844000	9.5938
884930400	9.4063
885276000	9.5313
885362400	9.4531
885448800	9.625
885535200	9.75
885794400	9.7188
885880800	9.5625
885967200	9.5938
886053600	9.25
886140000	9.1563
886399200	8.8438
886485600	9.1563
886572000	9.125
886658400	9.1563
886744800	9.25
887004000	9.5938
887090400	9.7188
887176800	9.5
887263200	9.6875
887349600	9.75
887695200	9.8125
887781600	10.2813
887868000	10.2188
887954400	10
888213600	10.625
888300000	10.6563
888386400	11.1563
888472800	11.75
888559200	11.8125
888818400	11.375
888904800	11.5625
888991200	12.2188
889077600	12.0313
889164000	12.2188
889423200	11.375
889509600	12.0313
889596000	13.0625
889682400	13.5
889768800	13.5625
890028000	13.3438
890114400	13.1719
890200800	13.4688
890287200	13.375
890373600	13.1875
890632800	13.0625
890719200	14
890805600	13.5781
890892000	13.2813
890978400	13.4688
891237600	13.7188
891324000	13.75
891410400	13.75
891496800	13.6563
891583200	13.5313
891838800	13.125
891925200	12.75
892011600	12.5
892098000	12.8125
892443600	13.2188
892530000	13.4688
892616400	13.7188
892702800	14.3125
892789200	13.9688
893048400	14.5
893134800	14.5
893221200	13.75
893307600	13.8438
893394000	13.9688
893653200	13.875
893739600	13.4688
893826000	13.5
893912400	13.6875
893998800	14
894258000	14.5313
894344400	14.8438
894430800	15.1563
894517200	15.0938
894603600	15.2188
894862800	15.4688
894949200	15.0625
895035600	15.2188
895122000	15.0313
895208400	14.7813
895467600	14.25
895554000	14.6875
895640400	14.7813
895726800	14.4375
895813200	13.9375
896158800	13.3438
896245200	13.375
896331600	13.7188
896418000	13.3125
896677200	13.125
896763600	13.4375
896850000	13.1563
896936400	13.4063
897022800	13.4375
897282000	13.625
897368400	14.125
897454800	14.0313
897541200	13.9063
897627600	14.0625
897886800	13.75
897973200	14
898059600	14.0625
898146000	13.6563
898232400	13.5313
898491600	13.6875
898578000	13.9063
898664400	14.125
898750800	14.2813
898837200	14.0938
899096400	14.3438
899182800	14.3438
899269200	14.9688
899355600	14.5
899701200	15.1875
899787600	15.25
899874000	16.2813
899960400	15.8438
900046800	16.0313
900306000	16.9688
900392400	16.7188
900478800	17.2188
900565200	18.75
900651600	18.4375
900910800	18.125
900997200	17.8125
901083600	17.5
901170000	17.4688
901256400	17.3438
901515600	17.2188
901602000	16.8125
901688400	17.5625
901774800	18.25
901861200	17.3125
902120400	17.5625
902206800	17.0938
902293200	18
902379600	18.4375
902466000	18.25
902725200	18.9688
902811600	19.5
902898000	20.0313
902984400	19.7188
903070800	20.25
903330000	20.9688
903416400	21.2813
903502800	20.5
903589200	20.3125
903675600	21.5
903934800	20.5938
904021200	20.4063
904107600	20.1875
904194000	18.75
904280400	17.0938
904539600	15.5938
904626000	17.0625
904712400	17.7813
904798800	17.3125
904885200	17.5625
905230800	19.125
905317200	18.6875
905403600	19.0625
905490000	18.8125
905749200	18.5938
905835600	19.0938
905922000	18.6563
906008400	18
906094800	18.375
906354000	18.4688
906440400	18.5
906526800	19.1563
906613200	19.25
906699600	19.375
906958800	19.5313
907045200	19.75
907131600	19.0625
907218000	17.8438
907304400	17.5313
907563600	16.0938
907650000	16.2813
907736400	15.9688
907822800	15.4063
907909200	17.5625
908168400	18.7188
908254800	19.375
908341200	18.6875
908427600	18.3125
908514000	18.3438
908773200	18.75
908859600	18.0313
908946000	18.5625
909032400	18.375
909118800	17.75
909381600	18.7188
909468000	17.625
909554400	18.4063
909640800	18.2188
909727200	18.5625
909986400	18.8125
910072800	18.9063
910159200	19.3438
910245600	19.0938
910332000	19.0313
910591200	18.3125
910677600	17.5625
910764000	16.7813
910850400	17
910936800	17.8438
911196000	18
911282400	17.4063
911368800	17.7188
911455200	17.875
911541600	17.6563
911800800	18.125
911887200	17.9688
911973600	17.5625
912146400	17.5313
912405600	15.9688
912492000	17.0625
912578400	18
912664800	16.8438
912751200	16.375
913010400	16.875
913096800	16.0313
913183200	16
913269600	16
913356000	16.875
913615200	16.25
913701600	16.7813
913788000	16.4063
913874400	16.7188
913960800	17.5938
914220000	17.5313
914306400	19
914392800	19.9063
914479200	19.625
914824800	20.4375
914911200	20.4063
914997600	20.0313
915084000	20.4688
915429600	20.625
915516000	21.6563
915602400	20.875
915688800	22.5
915775200	22.5
916034400	22.9375
916120800	23.0625
916207200	23.25
916293600	20.6875
916380000	20.6563
916725600	20.4375
916812000	20.2813
916898400	19.4063
916984800	19.375
917244000	19.6875
917330400	20.25
917416800	20.0625
917503200	20.4375
917589600	20.5938
917848800	20.4688
917935200	19.5938
918021600	20.0938
918108000	18.9375
918194400	18.1563
918453600	18.875
918540000	18.5938
918626400	19.1563
918712800	19.8125
918799200	18.8438
919144800	19.1563
919231200	18.5
919317600	18
919404000	18.5938
919663200	19.2188
919749600	19.2188
919836000	18.7188
919922400	18.4688
920008800	17.4063
920268000	16.875
920354400	17.3125
920440800	17.0938
920527200	16.7188
920613600	16.5938
920872800	17.1875
920959200	17.0625
921045600	16.2813
921132000	16.0938
921218400	16.5938
921477600	17.0313
921564000	17.75
921650400	17.0313
921736800	17.75
921823200	16.75
922082400	17.5313
922168800	16.5
922255200	16.8438
922341600	16.9063
922428000	16.625
922687200	17.6875
922773600	17.9375
922860000	17.9688
922946400	18.0313
923288400	18.5313
923374800	19
923461200	18.5625
923547600	18.4375
923634000	18.375
923893200	18.125
923979600	17.3125
924066000	17.7656
924152400	17.875
924238800	17.7188
924498000	16.9375
924584400	17.0313
924670800	17.1875
924757200	18.1875
924843600	19.5938
925102800	20.4688
925189200	22.875
925275600	22.0313
925362000	21.5
925448400	23
925707600	24.7813
925794000	23.25
925880400	23.5
925966800	22.25
926053200	22.9375
926312400	22.625
926398800	22.375
926485200	23.25
926571600	23.0938
926658000	22.1875
926917200	22.1875
927003600	22.625
927090000	22.5938
927176400	21.25
927262800	21.9688
927522000	20.9688
927608400	20.75
927694800	22.0313
927781200	21.75
927867600	22.0313
928213200	22.4063
928299600	23.2813
928386000	23.7188
928472400	24.0625
928731600	24.4688
928818000	23.8438
928904400	24.2188
928990800	24.0625
929077200	23.2188
929336400	22.7188
929422800	23.0313
929509200	23.9688
929595600	23.1875
929682000	23.5625
929941200	23.25
930027600	22.6875
930114000	21.8438
930200400	21.1563
930286800	21.0938
930546000	21.2813
930632400	22.6875
930718800	23.1563
930805200	22.6563
930891600	23.1563
931237200	23.6875
931323600	24.9375
931410000	27.25
931496400	27.8125
931755600	27.25
931842000	26.8438
931928400	27.9688
932014800	26.625
932101200	26.5313
932360400	27.2188
932446800	26.4375
932533200	27.0313
932619600	26.1875
932706000	26.6563
932965200	25.4688
933051600	26.8438
933138000	27.1875
933224400	26.9375
933310800	27.8438
933570000	27.875
933656400	27.625
933742800	26.9063
933829200	27.375
933915600	27.0625
934174800	27.2188
934261200	27.6875
934347600	29.8438
934434000	30
934520400	30.0313
934779600	30.25
934866000	30.1563
934952400	30.0625
935038800	29.375
935125200	29.5938
935384400	30.375
935470800	30.1875
935557200	30.6875
935643600	31.0625
935730000	32.375
935989200	31.0313
936075600	32.625
936162000	34.3125
936248400	35.2813
936334800	36.75
936680400	38.1875
936766800	37.25
936853200	37.7813
936939600	38.7188
937198800	37.5
937285200	38.9063
937371600	37.6875
937458000	38.4063
937544400	38.4688
937803600	39.5313
937890000	34.625
937976400	35.1563
938062800	31.6563
938149200	32.4688
938408400	30.6563
938494800	29.8125
938581200	29.5313
938667600	31.6563
938754000	30.8594
939013200	32.2813
939099600	33.9688
939186000	33.5938
939272400	33.1875
939358800	32.7813
939618000	33.3438
939704400	33.8438
939790800	32.0156
939877200	36.5938
939963600	37.2813
940222800	36.625
940309200	34.25
940395600	37.5625
940482000	38.0625
940568400	36.9688
940827600	37.25
940914000	37.5313
941000400	38.1875
941086800	38.9375
941173200	40.0625
941436000	38.8125
941522400	40.125
941608800	40.75
941695200	41.8125
941781600	44.1563
942040800	48.1875
942127200	44.8125
942213600	45.7188
942300000	46.125
942386400	45.3125
942645600	44.7188
942732000	45.5938
942818400	45.125
942904800	44.8125
942991200	46.2188
943250400	45.3125
943336800	46.4063
943423200	47.3438
943596000	47.5313
943855200	47.2813
943941600	48.9375
944028000	51.5313
944114400	55.0938
944200800	57.5
944460000	58
944546400	58.9063
944632800	55.0313
944719200	52.625
944805600	51.5
945064800	49.5
945151200	47.4375
945237600	48.5
945324000	49.1563
945410400	50
945669600	49
945756000	51.25
945842400	49.9688
945928800	51.75
946274400	49.6563
946360800	49.0938
946447200	50.3438
946533600	50.1563
946620000	51.4063
946879200	55.9688
946965600	51.25
947052000	52
947138400	47.5
947224800	49.75
947484000	48.875
947570400	46.375
947656800	43.5938
947743200	48.375
947829600	50.2188
948175200	51.9688
948261600	53.2813
948348000	56.75
948434400	55.6563
948693600	53.125
948780000	56.125
948866400	55.0938
948952800	55
949039200	50.8125
949298400	51.875
949384800	50.125
949471200	49.4063
949557600	51.6563
949644000	54
949903200	57.0313
949989600	57.4375
950076000	56.3125
950162400	56.75
950248800	54.375
950508000	57.9063
950594400	59.5
950680800	57.0625
950767200	57.4375
950853600	55.625
951199200	56.9063
951285600	58.125
951372000	57.6094
951458400	55.1875
951717600	56.625
951804000	57.3125
951890400	65.1563
951976800	61
952063200	64
952322400	62.8438
952408800	61.4375
952495200	61
952581600	61.125
952668000	62.875
952927200	60.6563
953013600	57.125
953100000	58.125
953186400	60.7813
953272800	62.5
953532000	61.5
953618400	67.4688
953704800	72.0938
953791200	70.6563
953877600	69.3438
954136800	69.7813
954223200	69.5625
954309600	67.9688
954396000	62.875
954482400	67.9063
954738000	66.6563
954824400	63.6563
954910800	65.1875
954997200	62.5938
955083600	65.875
955342800	62.5
955429200	59.7188
955515600	54.625
955602000	56.9063
955688400	55.9375
955947600	61.9375
956034000	63.4375
956120400	60.5625
956206800	59.4375
956552400	60.25
956638800	64.1563
956725200	60.6563
956811600	63.375
956898000	62.0313
957157200	62.1563
957243600	58.9375
957330000	57.5313
957416400	55.3438
957502800	56.5625
957762000	55.0625
957848400	52.7188
957934800	49.6563
958021200	51.4063
958107600	53.8125
958366800	50.5
958453200	52.8438
958539600	50.6875
958626000	50.375
958712400	47
958971600	44.9688
959058000	42.9063
959144400	43.8438
959230800	43.6406
959317200	43.1875
959662800	43.7813
959749200	42
959835600	44.5625
959922000	46.2813
960181200	45.6563
960267600	46.4375
960354000	48.2813
960440400	47.4063
960526800	47.875
960786000	45.5938
960872400	47.25
960958800	45.2188
961045200	46.1875
961131600	45.5938
961390800	48.3125
961477200	50.625
961563600	27.8125
961650000	26.875
961736400	25.8438
961995600	27.0625
962082000	25.875
962168400	27.2188
962254800	25.625
962341200	26.1875
962600400	26.6563
962773200	25.8125
962859600	25.9063
962946000	27.2188
963205200	28.5625
963291600	28.4688
963378000	29.4375
963464400	28.25
963550800	28.8438
963810000	29.1563
963896400	28.625
963982800	26.3438
964069200	27.5625
964155600	26.7813
964414800	24.3438
964501200	25.0313
964587600	25.0313
964674000	26
964760400	24.1563
965019600	25.4063
965106000	24.6563
965192400	23.625
965278800	24
965365200	23.6875
965624400	23.9688
965710800	23.375
965797200	23.75
965883600	23.7813
965970000	23.8438
966229200	23.5313
966315600	23.3438
966402000	24.25
966488400	25.7188
966574800	25
966834000	25.25
966920400	25.8438
967006800	27.1563
967093200	28.0625
967179600	28.4063
967438800	29.0313
967525200	29.5938
967611600	29.75
967698000	30.4688
967784400	31.7188
968130000	31.2188
968216400	29.2188
968302800	31
968389200	29.4375
968648400	29.2188
968734800	28.875
968821200	29
968907600	28.4375
968994000	27.625
969253200	30.3281
969339600	29.9688
969426000	30.5313
969512400	28.3438
969598800	26.0938
969858000	26.75
969944400	25.7188
970030800	24.4688
970117200	26.75
970203600	25.75
970462800	24.25
970549200	22.3125
970635600	23.625
970722000	22.0625
970808400	22.1875
971067600	21.75
971154000	20.875
971240400	19.625
971326800	20
971413200	22.0625
971672400	21.5
971758800	20.125
971845200	20.125
971931600	18.9375
972018000	19.5
972277200	20.375
972363600	18.875
972450000	18.5
972536400	18.5
972622800	18.5625
972885600	19.3125
972972000	19.5625
973058400	20.5
973144800	22.3125
973231200	22.25
973490400	21.4375
973576800	21.3125
973663200	20.0625
973749600	20.1875
973836000	19.0625
974095200	19.375
974181600	20.25
974268000	19.875
974354400	19
974440800	18.5
974700000	18.9375
974786400	18.8125
974872800	18.5
975045600	19.3125
975304800	18.6875
975391200	18.0313
975477600	17.5625
975564000	16.5
975650400	17.0625
975909600	16.6875
975996000	17
976082400	14.3125
976168800	14.3125
976255200	15.0625
976514400	15.1875
976600800	15.375
976687200	15
976773600	14.4375
976860000	14.0625
977119200	14.25
977205600	14
977292000	14.375
977378400	14.0625
977464800	15
977810400	14.6875
977896800	14.8125
977983200	14.8125
978069600	14.875
978415200	14.875
978501600	16.375
978588000	17.0625
978674400	16.375
978933600	16.5625
979020000	17.1875
979106400	16.5625
979192800	18
979279200	17.1875
979624800	17.125
979711200	16.8125
979797600	18.6875
979884000	19.5
980143200	19.25
980229600	20.5
980316000	20.5
980402400	19.9375
980488800	19.5625
980748000	21.6875
980834400	21.75
980920800	21.625
981007200	21.125
981093600	20.625
981352800	20.1875
981439200	21.125
981525600	20.75
981612000	20.75
981698400	19.125
981957600	19.6875
982044000	19.125
982130400	19.5
982216800	20.0625
982303200	19
982648800	18.3125
982735200	18.875
982821600	18.8125
982908000	18.8125
983167200	19.5
983253600	19.375
983340000	18.25
983426400	18.75
983512800	19.25
983772000	20.375
983858400	21.5
983944800	21.25
984031200	20.8125
984117600	20.25
984376800	18.625
984463200	19.5625
984549600	20.4375
984636000	19.6875
984722400	19.625
984981600	20.5625
985068000	19.6875
985154400	20.125
985240800	21.625
985327200	23
985586400	21.7813
985672800	22.875
985759200	22.1719
985845600	22.5313
985932000	22.0625
986187600	21.5938
986274000	20.2344
986360400	19.5
986446800	20.875
986533200	20.5938
986792400	20.5469
986878800	22.0469
986965200	21.7969
987051600	22.4219
987397200	21.4375
987483600	20.4063
987570000	22.7969
987656400	25.7188
987742800	25.0469
988002000	24.25
988088400	24.0313
988174800	24.7188
988261200	24.6875
988347600	26.2031
988606800	25.4844
988693200	25.9375
988779600	26.5938
988866000	24.9531
988952400	25.75
989211600	24.9531
989298000	24.5625
989384400	23.9844
989470800	23
989557200	22.8438
989816400	23.2969
989902800	23.1875
989989200	24.0938
990075600	23.5469
990162000	23.5313
990421200	23.5625
990507600	23.5
990594000	23.2344
990680400	23.2031
990766800	22.7656
991112400	21.4688
991198800	19.7813
991285200	19.9531
991371600	20.8906
991630800	20.6563
991717200	20.9375
991803600	20.7344
991890000	21.6563
991976400	21.3125
992235600	20.0469
992322000	20.3125
992408400	20.4688
992494800	19.875
992581200	20.4375
992840400	20.3281
992926800	20.1875
993013200	21.6719
993099600	22.4844
993186000	22.2656
993445200	23.9844
993531600	23.75
993618000	23.3438
993704400	23.5469
993790800	23.25
994050000	23.9063
994136400	23.8438
994309200	23.1875
994395600	22.0313
994654800	22.7031
994741200	21.1406
994827600	22.5469
994914000	24.3594
995000400	24.8438
995259600	23.9531
995346000	25.0938
995432400	20.7969
995518800	19.9531
995605200	19.9844
995864400	19.5469
995950800	19.0938
996037200	18.4688
996123600	18.5938
996210000	18.9531
996469200	18.9375
996555600	18.7969
996642000	19.0625
996728400	19.8125
996814800	19.5
997074000	19.125
997160400	19.25
997246800	18.9063
997333200	19.0469
997419600	19.0156
997678800	19.0938
997765200	18.7344
997851600	18.4375
997938000	18.6563
998024400	18.0625
998283600	18.125
998370000	17.9219
998456400	18.2031
998542800	17.8125
998629200	18.5625
998888400	18.9219
998974800	18.4063
999061200	17.8281
999147600	17.8281
999234000	18.5469
999579600	18.25
999666000	18.5469
999752400	17.7188
999838800	17.2813
1000098000	17.375
1000702800	16.9844
1000789200	16.2813
1000875600	17.0156
1000962000	15.6875
1001048400	15.7344
1001307600	16.4531
1001394000	15.5469
1001480400	15.1563
1001566800	15.5156
1001653200	15.5156
1001912400	15.5469
1001998800	15.0469
1002085200	14.9844
1002171600	15.875
1002258000	16.1406
1002517200	16.2031
1002603600	16
1002690000	16.8125
1002776400	17.7344
1002862800	18.0156
1003122000	17.9844
1003208400	18.0156
1003294800	16.9844
1003381200	18
1003467600	18.2969
1003726800	19.0156
1003813200	18.1406
1003899600	18.9531
1003986000	19.1875
1004072400	18.6719
1004335200	17.625
1004421600	17.5938
1004508000	17.5625
1004594400	18.5938
1004680800	18.5625
1004940000	19.0625
1005026400	19.5625
1005112800	19.5938
1005199200	18.7031
1005285600	18.7031
1005544800	18.75
1005631200	19.375
1005717600	19.6094
1005804000	19.4531
1005890400	18.9688
1006149600	20
1006236000	19.5313
1006322400	19.6875
1006495200	19.8438
1006754400	21.375
1006840800	21
1006927200	20.5313
1007013600	20.4219
1007100000	21.2969
1007359200	21.0469
1007445600	22.4063
1007532000	23.7656
1007618400	22.7813
1007704800	22.5469
1007964000	22.5469
1008050400	21.7813
1008136800	21.4844
1008223200	21
1008309600	20.3906
1008568800	20.625
1008655200	21.0156
1008741600	21.625
1008828000	20.6719
1008914400	21
1009173600	21.3594
1009346400	21.4844
1009432800	22.0625
1009519200	22.4375
1009778400	21.9063
1009951200	23.2969
1010037600	23.5781
1010124000	23.6875
1010383200	22.9063
1010469600	22.6094
1010556000	21.6563
1010642400	21.2344
1010728800	21.0469
1010988000	21.1563
1011074400	21.7031
1011160800	20.7813
1011247200	22.4844
1011333600	22.1719
1011679200	21.8125
1011765600	23.0156
1011852000	23.2031
1011938400	23.25
1012197600	23.2656
1012284000	23.0625
1012370400	24.0938
1012456800	24.7188
1012543200	24.4063
1012802400	25.3438
1012888800	25.4531
1012975200	24.6719
1013061600	24.2969
1013148000	24.0313
1013407200	24.9844
1013493600	24.7031
1013580000	25.0156
1013666400	24.5938
1013752800	23.9063
1014098400	22.625
1014184800	23.125
1014271200	21.5
1014357600	22.7344
1014616800	23.8125
1014703200	23.6719
1014789600	21.9531
1014876000	21.7031
1014962400	23.4531
1015221600	24.2969
1015308000	23.5313
1015394400	24.0625
1015480800	24.375
1015567200	24.6563
1015826400	25.0625
1015912800	24.7188
1015999200	24.4844
1016085600	24.4375
1016172000	24.9531
1016431200	24.7344
1016517600	24.8438
1016604000	24.9219
1016690400	24.2656
1016776800	24.0938
1017036000	23.3438
1017122400	23.4531
1017208800	23.4688
1017295200	23.6719
1017640800	24.4531
1017727200	24.0625
1017813600	23.75
1017900000	24.9063
1017986400	24.7344
1018242000	24.5625
1018328400	24.0938
1018414800	24.6563
1018501200	24.8594
1018587600	25.0625
1018846800	25
1018933200	25.7344
1019019600	26.1094
1019106000	25.4063
1019192400	24.9844
1019451600	24.5313
1019538000	24.25
1019624400	23.7656
1019710800	24.125
1019797200	23.0156
1020056400	23.9531
1020142800	24.2656
1020229200	23.9844
1020315600	23.6875
1020402000	23.5156
1020661200	22.6563
1020747600	22.4688
1020834000	24.375
1020920400	24.1875
1021006800	23.3125
1021266000	23.9375
1021352400	25.6094
1021438800	25.2813
1021525200	25.2031
1021611600	25.0156
1021870800	24.7344
1021957200	23.4531
1022043600	24.3125
1022130000	25.1875
1022216400	24.1563
1022562000	23.9844
1022648400	23.9844
1022734800	24.2031
1022821200	23.2969
1023080400	22.9063
1023166800	22.7813
1023253200	22.7188
1023339600	22.1563
1023426000	21.4063
1023685200	21.4844
1023771600	20.4531
1023858000	20.0938
1023944400	19.5469
1024030800	20.0938
1024290000	20.5469
1024376400	20.1563
1024462800	17.125
1024549200	17.1094
1024635600	16.8438
1024894800	17.2656
1024981200	17.1406
1025067600	16.5469
1025154000	17.0625
1025240400	17.7188
1025499600	17.0625
1025586000	16.9375
1025672400	17.5469
1025845200	18.7344
1026104400	18.0156
1026190800	17.5313
1026277200	17.3125
1026363600	18.2969
1026450000	17.5
1026709200	18.2344
1026795600	17.8594
1026882000	15.625
1026968400	14.9844
1027054800	14.9531
1027314000	14.9219
1027400400	14.4688
1027486800	15.2031
1027573200	14.3594
1027659600	14.3438
1027918800	15.0156
1028005200	15.4375
1028091600	15.2656
1028178000	14.7969
1028264400	14.4531
1028523600	13.9844
1028610000	14.7344
1028696400	15.0313
1028782800	15.2969
1028869200	15
1029128400	14.9844
1029214800	14.5938
1029301200	15.1719
1029387600	15.6094
1029474000	15.8125
1029733200	15.9844
1029819600	15.9063
1029906000	16.125
1029992400	15.9688
1030078800	15.7344
1030338000	15.5313
1030424400	14.8438
1030510800	14.7031
1030597200	14.7031
1030683600	14.75
1031029200	14.0469
1031115600	14.4844
1031202000	14.1875
1031288400	14.375
1031547600	14.375
1031634000	14.3281
1031720400	14.2969
1031806800	14.1406
1031893200	14.1719
1032152400	14.5
1032238800	14.7969
1032325200	15.0156
1032411600	14.5781
1032498000	14.875
1032757200	14.8438
1032843600	14.6406
1032930000	14.9375
1033016400	14.7031
1033102800	14.7188
1033362000	14.5
1033448400	14.5156
1033534800	14.1719
1033621200	14.2969
1033707600	14.0313
1033966800	13.7656
1034053200	13.6875
1034139600	13.5938
1034226000	14.125
1034312400	14.5156
1034571600	14.7656
1034658000	15.1563
1034744400	14.5625
1034830800	14.1094
1034917200	14.3438
1035176400	14.5625
1035262800	14.7031
1035349200	14.875
1035435600	14.6875
1035522000	15.4219
1035784800	15.6094
1035871200	15.4375
1035957600	15.9844
1036044000	16.0625
1036130400	16.3594
1036389600	16.8906
1036476000	16.9063
1036562400	17.2188
1036648800	16
1036735200	15.8438
1036994400	15.1563
1037080800	15.6406
1037167200	15.5938
1037253600	16.2969
1037340000	15.9531
1037599200	15.6563
1037685600	15.2656
1037772000	15.5313
1037858400	16.3438
1037944800	16.0156
1038204000	15.9688
1038290400	15.4063
1038376800	15.7188
1038549600	15.5
1038808800	15.1875
1038895200	15.1563
1038981600	14.9688
1039068000	14.625
1039154400	14.9531
1039413600	14.75
1039500000	15.2813
1039586400	15.4844
1039672800	15.1875
1039759200	14.7969
1040018400	14.8438
1040104800	15.0781
1040191200	14.5625
1040277600	14.2031
1040364000	14.1406
1040623200	14.4844
1040709600	14.3594
1040882400	14.4063
1040968800	14.0625
1041228000	14.0625
1041314400	14.3281
1041487200	14.7969
1041573600	14.9063
1041832800	14.9063
1041919200	14.8438
1042005600	14.5469
1042092000	14.6875
1042178400	14.7188
1042437600	14.625
1042524000	14.6094
1042610400	14.4375
1042696800	14.625
1042783200	14.0938
1043128800	14.0156
1043215200	13.875
1043301600	14.1719
1043388000	13.7969
1043647200	14.125
1043733600	14.5781
1043820000	14.9375
1043906400	14.3125
1043992800	14.3594
1044252000	14.6563
1044338400	14.5938
1044424800	14.4531
1044511200	14.4375
1044597600	14.1563
1044856800	14.3438
1044943200	14.3438
1045029600	14.3906
1045116000	14.5469
1045202400	14.6719
1045548000	15.2656
1045634400	14.8438
1045720800	14.7656
1045807200	15
1046066400	14.7344
1046152800	15.0156
1046239200	14.5
1046325600	14.8594
1046412000	15.0156
1046671200	14.6563
1046757600	14.5625
1046844000	14.625
1046930400	14.5625
1047016800	14.5313
1047276000	14.375
1047362400	14.2344
1047448800	14.2188
1047535200	14.7188
1047621600	14.7813
1047880800	15.0156
1047967200	15
1048053600	14.9531
1048140000	14.9063
1048226400	15
1048485600	14.375
1048572000	14.5469
1048658400	14.4063
1048744800	14.4844
1048831200	14.5625
1049090400	14.1406
1049176800	14.1563
1049263200	14.5938
1049349600	14.4531
1049436000	14.4063
1049691600	14.4844
1049778000	14.4531
1049864400	14.1875
1049950800	14.375
1050037200	13.2031
1050296400	13.5781
1050382800	13.3906
1050469200	13.2344
1050555600	13.125
1050901200	13.1406
1050987600	13.5156
1051074000	13.5781
1051160400	13.4375
1051246800	13.3438
1051506000	13.8594
1051592400	14.0625
1051678800	14.2188
1051765200	14.3594
1051851600	14.4531
1052110800	16.0938
1052197200	17.5
1052283600	17.6563
1052370000	18
1052456400	18.2969
1052715600	18.5625
1052802000	18.6719
1052888400	18.5469
1052974800	18.7344
1053061200	18.7969
1053320400	18.0938
1053406800	17.7969
1053493200	17.8438
1053579600	18.2344
1053666000	18.3125
1054011600	18.875
1054098000	18.2813
1054184400	18.0938
1054270800	17.9531
1054530000	17.4531
1054616400	17.3125
1054702800	17.5938
1054789200	17.6406
1054875600	17.1563
1055134800	16.7969
1055221200	17.1875
1055307600	17.4531
1055394000	17.7656
1055480400	17.4219
1055739600	18.2656
1055826000	18.1875
1055912400	19.125
1055998800	19.1406
1056085200	19.2031
1056344400	19.0625
1056430800	18.7813
1056517200	19.0938
1056603600	19.2969
1056690000	18.7344
1056949200	19.0625
1057035600	19.0938
1057122000	19.2656
1057208400	19.125
1057554000	19.875
1057640400	20.4063
1057726800	19.8906
1057813200	19.5781
1057899600	19.8438
1058158800	19.9063
1058245200	19.6094
1058331600	19.875
1058418000	20.9063
1058504400	20.8594
1058763600	20.6094
1058850000	20.7969
1058936400	20.7969
1059022800	20.5156
1059109200	21.5469
1059368400	20.9844
1059454800	20.7188
1059541200	20.2813
1059627600	21.0781
1059714000	20.7344
1059973200	21.2031
1060059600	20.375
1060146000	19.625
1060232400	19.9375
1060318800	19.6406
1060578000	19.6563
1060664400	19.7031
1060750800	20.1875
1060837200	19.9688
1060923600	19.7031
1061182800	20.3438
1061269200	20.3125
1061355600	21.0156
1061442000	21.6875
1061528400	20.875
1061787600	20.8594
1061874000	21.0469
1061960400	21.4844
1062046800	22.1875
1062133200	22.6094
1062478800	22.8438
1062565200	22.9531
1062651600	22.8281
1062738000	22.5
1062997200	22.7344
1063083600	22.375
1063170000	22.1875
1063256400	22.5625
1063342800	23.0938
1063602000	22.2031
1063688400	22.3594
1063774800	22.125
1063861200	22.875
1063947600	22.5781
1064206800	22.0781
1064293200	22.4375
1064379600	21.3125
1064466000	20.4375
1064552400	20.6875
1064811600	21.2969
1064898000	20.7188
1064984400	20.7969
1065070800	20.5625
1065157200	21.6875
1065416400	22.2969
1065502800	23.2188
1065589200	23.0625
1065675600	23.4531
1065762000	23.6875
1066021200	24.3438
1066107600	24.5469
1066194000	24.8125
1066280400	23.25
1066366800	22.75
1066626000	23.2188
1066712400	23.1875
1066798800	22.7656
1066885200	22.9844
1066971600	22.5938
1067234400	22.5938
1067320800	23.7188
1067407200	23.6875
1067493600	23.0938
1067580000	22.8906
1067839200	23.1563
1067925600	22.9063
1068012000	23.0313
1068098400	23.125
1068184800	22.5
1068444000	21.9063
1068530400	21.5469
1068616800	22.3281
1068703200	22.4219
1068789600	21.4531
1069048800	21.125
1069135200	20.4063
1069221600	20.4219
1069308000	20.375
1069394400	20.2813
1069653600	21.1563
1069740000	20.6875
1069826400	20.7188
1069999200	20.9063
1070258400	21.7031
1070344800	21.5469
1070431200	21.0313
1070517600	21.1563
1070604000	20.8438
1070863200	21.0469
1070949600	20.4531
1071036000	20.375
1071122400	21.2031
1071208800	20.8906
1071468000	20.1719
1071554400	20.125
1071640800	19.875
1071727200	20.0469
1071813600	19.7031
1072072800	19.8438
1072159200	19.8125
1072245600	20.4063
1072418400	20.7813
1072677600	21.1563
1072764000	21.2813
1072850400	21.375
1073023200	21.2813
1073282400	22.1719
1073368800	22.0938
1073455200	22.5938
1073541600	23.3594
1073628000	23
1073887200	23.7344
1073973600	24.125
1074060000	24.2031
1074146400	22.8438
1074232800	22.7188
1074578400	22.7344
1074664800	22.6094
1074751200	22.1875
1074837600	22.5625
1075096800	23.0156
1075183200	23.0625
1075269600	22.5156
1075356000	22.6875
1075442400	22.5625
1075701600	22.3125
1075788000	22.2656
1075874400	21.7969
1075960800	22.4219
1076047200	22.7031
1076306400	22.6719
1076392800	22.9844
1076479200	23.7969
1076565600	23.7344
1076652000	23
1076997600	23.1563
1077084000	23.2656
1077170400	22.4688
1077256800	22.4063
1077516000	22.1875
1077602400	22.3594
1077688800	22.8125
1077775200	23.0469
1077861600	23.9219
1078120800	24.0156
1078207200	23.8125
1078293600	23.9219
1078380000	25.1563
1078466400	26.7344
1078725600	26
1078812000	27.0938
1078898400	27.6875
1078984800	27.1563
1079071200	27.5625
1079330400	26.4531
1079416800	25.8125
1079503200	26.1875
1079589600	25.6719
1079676000	25.8594
1079935200	25.8594
1080021600	25.2969
1080108000	25.5
1080194400	26.875
1080280800	27.0469
1080540000	27.9063
1080626400	27.9219
1080712800	27.0469
1080799200	27.1094
1080885600	27.5
1081141200	28.3125
1081227600	27.8281
1081314000	27.3125
1081400400	27.5313
1081746000	28.0469
1081832400	26.9375
1081918800	26.6406
1082005200	29.2969
1082091600	29.1875
1082350800	28.3438
1082437200	27.7344
1082523600	27.7344
1082610000	27.7813
1082696400	27.7031
1082955600	27.125
1083042000	26.9375
1083128400	26.4531
1083214800	26.7656
1083301200	25.7813
1083560400	26.0625
1083646800	26.1406
1083733200	26.6563
1083819600	26.5781
1083906000	26.6719
1084165200	26.2813
1084251600	27.1406
1084338000	27.2969
1084424400	27.1875
1084510800	27.0625
1084770000	26.6406
1084856400	27.0625
1084942800	26.4688
1085029200	26.7031
1085115600	27.1094
1085374800	27.3438
1085461200	28.4063
1085547600	28.5156
1085634000	28.1719
1085720400	28.0625
1086066000	28.0625
1086152400	28.9219
1086238800	28.4063
1086325200	28.7813
1086584400	29.8125
1086670800	30.3438
1086757200	30.2031
1086843600	30.7344
1087189200	30.125
1087275600	30.6875
1087362000	32.7344
1087448400	32.8125
1087534800	32.9063
1087794000	32.3281
1087880400	33
1087966800	33.7031
1088053200	33.1875
1088139600	33.7031
1088398800	32.4844
1088485200	32.5
1088571600	32.5469
1088658000	32.2969
1088744400	31.0781
1089090000	30.9531
1089176400	30.3906
1089262800	30.1406
1089349200	30.0313
1089608400	29.1406
1089694800	29.2188
1089781200	29.5781
1089867600	32.9375
1089954000	32.2031
1090213200	31.9688
1090299600	32.2031
1090386000	31.625
1090472400	31.6875
1090558800	30.7031
1090818000	31.2656
1090904400	32.4375
1090990800	32.2656
1091077200	32.6406
1091163600	32.3438
1091422800	31.5781
1091509200	31.2969
1091595600	31.7969
1091682000	31.3906
1091768400	29.7813
1092027600	30.2969
1092114000	31.5156
1092200400	31.0156
1092286800	30.375
1092373200	30.8438
1092632400	30.7813
1092718800	30.875
1092805200	31.7344
1092891600	30.7031
1092978000	30.7969
1093237200	31.0781
1093323600	31.9531
1093410000	33.0469
1093496400	34.6563
1093582800	34.3438
1093842000	34.125
1093928400	34.4844
1094014800	35.8594
1094101200	35.6563
1094187600	35.2344
1094533200	35.7656
1094619600	36.3438
1094706000	35.7031
1094792400	35.875
1095051600	35.5938
1095138000	35.4844
1095224400	35.2031
1095310800	36.3438
1095397200	37.1406
1095656400	37.7031
1095742800	38.0156
1095829200	36.9219
1095915600	37.2656
1096002000	37.2969
1096261200	37.5313
1096347600	38.0469
1096434000	38.6875
1096520400	38.75
1096606800	38.6719
1096866000	38.7969
1096952400	39.375
1097038800	40.6406
1097125200	39.625
1097211600	39.0625
1097470800	38.5938
1097557200	38.2969
1097643600	39.75
1097730000	44.9844
1097816400	45.5
1098075600	47.75
1098162000	47.4219
1098248400	47.4688
1098334800	47.9375
1098421200	47.4063
1098680400	47.5469
1098766800	47.9688
1098853200	50.2969
1098939600	52.1875
1099026000	52.4063
1099288800	52.4531
1099375200	53.5
1099461600	55.3125
1099548000	54.4531
1099634400	54.7188
1099893600	54.375
1099980000	54.0469
1100066400	54.75
1100152800	55.2969
1100239200	55.5
1100498400	55.2344
1100584800	54.9375
1100671200	54.9063
1100757600	55.3906
1100844000	55.1719
1101103200	61.3438
1101189600	61.2656
1101276000	64.0469
1101448800	64.5469
1101708000	68.4375
1101794400	67.0469
1101880800	67.7969
1101967200	65.2031
1102053600	62.6875
1102312800	65.7813
1102399200	62.8906
1102485600	63.2813
1102572000	63.9844
1102658400	65.1563
1102917600	64.9063
1103004000	65.2969
1103090400	65.2656
1103176800	66.5938
1103263200	64.9844
1103522400	62.7188
1103608800	63.6875
1103695200	63.75
1103781600	64.0156
1104127200	63.1563
1104213600	64.1875
1104300000	64.4375
1104386400	64.7969
1104472800	64.4063
1104732000	63.2969
1104818400	63.9375
1104904800	64.5
1104991200	64.5469
1105077600	69.25
1105336800	68.9531
1105423200	64.5625
1105509600	65.4531
1105596000	69.7969
1105682400	70.2031
1106028000	70.6563
1106114400	69.875
1106200800	70.4531
1106287200	70.4844
1106546400	70.7656
1106632800	72.0469
1106719200	72.25
1106805600	72.6406
1106892000	73.9844
1107151200	76.9063
1107237600	77.5313
1107324000	79.625
1107410400	77.8125
1107496800	78.8438
1107756000	78.9375
1107842400	80.9063
1107928800	78.7344
1108015200	78.3594
1108101600	81.2031
1108360800	84.625
1108447200	88.4063
1108533600	90.125
1108620000	87.8125
1108706400	86.8125
1109052000	85.2969
1109138400	88.2344
1109224800	88.9375
1109311200	88.9844
1109570400	44.8594
1109656800	44.5
1109743200	44.125
1109829600	41.7969
1109916000	42.8125
1110175200	42.75
1110261600	40.5313
1110348000	39.3438
1110434400	39.8281
1110520800	40.2656
1110780000	40.3125
1110866400	40.9531
1110952800	41.1875
1111039200	42.25
1111125600	42.9531
1111384800	43.7031
1111471200	42.8281
1111557600	42.5469
1111644000	42.5
1111989600	42.5313
1112076000	41.75
1112162400	42.7969
1112248800	41.6719
1112335200	40.8906
1112590800	41.0938
1112677200	41.8906
1112763600	42.3281
1112850000	43.5625
1112936400	43.7344
1113195600	41.9219
1113282000	42.6563
1113368400	41.0469
1113454800	37.2656
1113541200	35.3438
1113800400	35.625
1113886800	37.0938
1113973200	35.5156
1114059600	37.1875
1114146000	35.5
1114405200	36.9844
1114491600	36.1875
1114578000	35.9531
1114664400	35.5469
1114750800	36.0625
1115010000	36.4375
1115096400	36.2031
1115182800	37.1563
1115269200	36.6875
1115355600	37.2344
1115614800	36.9688
1115701200	36.4219
1115787600	35.6094
1115874000	34.125
1115960400	34.7656
1116219600	35.5469
1116306000	35.3594
1116392400	35.8438
1116478800	37.5469
1116565200	37.5469
1116824400	39.7656
1116910800	39.7031
1116997200	39.7813
1117083600	40.7344
1117170000	40.5625
1117515600	39.7656
1117602000	40.2969
1117688400	40.0469
1117774800	38.2344
1118034000	37.9219
1118120400	36.5469
1118206800	36.9219
1118293200	37.6563
1118379600	35.8125
1118638800	35.9063
1118725200	36
1118811600	37.125
1118898000	37.9844
1118984400	38.3125
1119243600	37.6094
1119330000	37.8594
1119416400	38.5469
1119502800	38.8906
1119589200	37.7656
1119848400	37.0938
1119934800	37.3125
1120021200	36.375
1120107600	36.8125
1120194000	36.5
1120539600	37.9844
1120626000	37.3906
1120712400	37.625
1120798800	38.25
1121058000	38.0938
1121144400	38.2344
1121230800	38.3438
1121317200	40.75
1121403600	41.5469
1121662800	41.4844
1121749200	43.1875
1121835600	43.625
1121922000	43.2969
1122008400	44
1122267600	43.8125
1122354000	43.625
1122440400	43.9844
1122526800	43.7969
1122613200	42.6563
1122872400	42.75
1122958800	43.1875
1123045200	43.2188
1123131600	42.7031
1123218000	42.9844
1123477200	42.6563
1123563600	43.8125
1123650000	43.375
1123736400	44
1123822800	46.0938
1124082000	47.6875
1124168400	46.25
1124254800	47.1563
1124341200	46.2969
1124427600	45.8281
1124686800	45.875
1124773200	45.7344
1124859600	45.7656
1124946000	46.0625
1125032400	45.7344
1125291600	45.8438
1125378000	46.5625
1125464400	46.8906
1125550800	46.2656
1125637200	46.2188
1125982800	48.7969
1126069200	48.6875
1126155600	49.7813
1126242000	51.3125
1126501200	51.4063
1126587600	50.8125
1126674000	49.6094
1126760400	49.875
1126846800	51.2031
1127106000	52.6406
1127192400	53.1875
1127278800	52.1094
1127365200	51.9063
1127451600	53.2031
1127710800	53.8438
1127797200	53.4375
1127883600	51.0781
1127970000	52.3438
1128056400	53.6094
1128315600	54.4375
1128402000	53.75
1128488400	52.7813
1128574800	51.7031
1128661200	51.2969
1128920400	50.375
1129006800	51.5938
1129093200	49.25
1129179600	53.7344
1129266000	54
1129525200	53.4375
1129611600	52.2031
1129698000	54.9375
1129784400	56.1406
1129870800	55.6563
1130130000	56.7969
1130216400	56.0938
1130302800	57.0313
1130389200	55.4063
1130475600	54.4688
1130738400	57.5938
1130824800	57.5
1130911200	59.9531
1130997600	61.8438
1131084000	61.1563
1131343200	60.2344
1131429600	59.9063
1131516000	60.1094
1131602400	61.1875
1131688800	61.5469
1131948000	61.4531
1132034400	62.2813
1132120800	64.9531
1132207200	64.5156
1132293600	64.5625
1132552800	64.9531
1132639200	66.5156
1132725600	67.1094
1132898400	69.3438
1133157600	69.6563
1133244000	68.0938
1133330400	67.8125
1133416800	71.5938
1133503200	72.625
1133762400	71.8125
1133848800	74.0469
1133935200	73.9531
1134021600	74.0781
1134108000	74.3281
1134367200	74.9063
1134453600	74.9844
1134540000	72.0156
1134626400	72.1875
1134712800	71.1094
1134972000	71.375
1135058400	72.1094
1135144800	73.5
1135231200	74.0156
1135317600	73.3438
1135663200	74.2344
1135749600	73.5625
1135836000	71.4531
1135922400	71.8906
1136268000	74.75
1136354400	74.9688
1136440800	74.375
1136527200	76.2969
1136786400	76.0469
1136872800	80.8594
1136959200	83.9063
1137045600	84.2969
1137132000	85.5938
1137477600	84.7031
1137564000	82.4844
1137650400	79.0469
1137736800	76.0938
1137996000	77.6719
1138082400	76.0469
1138168800	74.2031
1138255200	72.3281
1138341600	72.0313
1138600800	75
1138687200	75.5156
1138773600	75.4219
1138860000	72.0938
1138946400	71.8438
1139205600	67.2969
1139292000	67.5938
1139378400	68.8125
1139464800	64.9531
1139551200	67.3125
1139810400	64.7031
1139896800	67.6406
1139983200	69.2188
1140069600	70.5625
1140156000	70.2969
1140501600	69.0781
1140588000	71.3125
1140674400	71.75
1140760800	71.4531
1141020000	70.9844
1141106400	68.4844
1141192800	69.0938
1141279200	69.6094
1141365600	67.7188
1141624800	65.4844
1141711200	66.3125
1141797600	65.6563
1141884000	63.9375
1141970400	63.1875
1142229600	65.6875
1142316000	67.3125
1142402400	66.2344
1142488800	64.3125
1142575200	64.6563
1142834400	63.9844
1142920800	61.8125
1143007200	61.6719
1143093600	60.1563
1143180000	59.9531
1143439200	59.5156
1143525600	58.7031
1143612000	62.3281
1143698400	62.75
1143784800	62.7188
1144040400	62.6563
1144126800	61.1719
1144213200	67.2031
1144299600	71.2344
1144386000	69.7969
1144645200	68.6719
1144731600	67.9844
1144818000	66.7031
1144904400	66.4688
1145250000	64.8125
1145336400	66.2188
1145422800	65.6563
1145509200	67.625
1145595600	67.0469
1145854800	65.75
1145941200	66.1719
1146027600	68.1563
1146114000	69.3594
1146200400	70.3906
1146459600	69.5938
1146546000	71.625
1146632400	71.1406
1146718800	71.125
1146805200	71.8906
1147064400	71.8906
1147150800	71.0313
1147237200	70.5938
1147323600	68.1563
1147410000	67.7031
1147669200	67.7969
1147755600	64.9844
1147842000	65.2656
1147928400	63.1875
1148014800	64.5156
1148274000	63.375
1148360400	63.1563
1148446800	63.3438
1148533200	64.3281
1148619600	63.5469
1148965200	61.2188
1149051600	59.7656
1149138000	62.1719
1149224400	61.6563
1149483600	60
1149570000	59.7188
1149656400	58.5625
1149742800	60.7656
1149829200	59.2344
1150088400	57
1150174800	58.3281
1150261200	57.6094
1150347600	59.375
1150434000	57.5625
1150693200	57.2031
1150779600	57.4688
1150866000	57.8594
1150952400	59.5781
1151038800	58.8281
1151298000	58.9844
1151384400	57.4375
1151470800	56.0156
1151557200	58.9688
1151643600	57.2656
